,Bacteria,NP_Synthesis,Drug,NP size_avg (nm),shape,method,MIC_NP,MIC_drug_NP,MIC_drug,kingdom,phylum,class,order,family,genus,species,gram,"avg_Incub_period, h","growth_temp, C",biosafety_level,isolated_from,Drug_class,MaxAbsEStateIndex,MolWt,BCUT2D_MWHI,BCUT2D_MRHI,Ipc,PEOE_VSA10,PEOE_VSA11,PEOE_VSA12,PEOE_VSA13,PEOE_VSA14,PEOE_VSA3,PEOE_VSA4,PEOE_VSA5,PEOE_VSA6,PEOE_VSA7,PEOE_VSA8,PEOE_VSA9,SMR_VSA10,SMR_VSA4,SMR_VSA6,SMR_VSA7,SMR_VSA9,SlogP_VSA10,SlogP_VSA12,SlogP_VSA4,SlogP_VSA7,SlogP_VSA8,EState_VSA11,EState_VSA3,EState_VSA4,EState_VSA5,EState_VSA6,EState_VSA7,EState_VSA9,VSA_EState1,VSA_EState10,VSA_EState3,VSA_EState4,VSA_EState5,VSA_EState6,VSA_EState7,VSA_EState8,VSA_EState9,NumAliphaticHeterocycles,NumAliphaticRings,NumAromaticRings,NumSaturatedRings,RingCount,MolLogP,fr_Al_OH,fr_Ar_N,fr_NH0,fr_allylic_oxid,fr_bicyclic,fr_ether
56,Staphylococcus aureus,green_synthesis from fungus  Phytophthora infestans,Cefazolin,60.0,spherical,MIC,5.0,0.6,0.625,Bacteria,Bacillota,Bacilli,Bacillales,Staphylococcaceae,Staphylococcus,Staphylococcus aureus,p,36.0,37,2,skin,Lactams,12.59807742658843,454.5190000000002,32.194712307118486,8.01450337730999,4550942.278740729,34.992453132702416,4.339655680673546,5.907179729351506,5.907179729351506,5.969305287951849,9.476340119217006,0.0,27.05793037429423,23.098670827325854,22.923611921069625,11.505707213493578,0.0,52.64422052337183,0.0,11.505707213493578,22.60508761474241,0.0,0.0,34.860555776716964,6.923737199690624,0.0,0.0,0.0,17.078811743562845,9.347279377526311,50.769588517477175,0.0,6.923737199690624,0.0,1.9784246318012204,4.242892128306505,31.125597457150874,0.6267425329100114,-1.1889873213750726,-0.7793093500281454,1.2901944440950919,1.7184856338468966,0.0,2.0,2.0,2.0,1.0,4.0,-0.6360799999999995,0.0,6.0,7.0,0.0,1.0,0.0
57,Pseudomonas aeruginosa,green_synthesis from fungus  Phytophthora infestans,Cefazolin,60.0,spherical,MIC,2.5,0.3,0.625,Bacteria,Pseudomonadota,Gammaproteobacteria,Pseudomonadales,Pseudomonadaceae,Pseudomonas,Pseudomonas aeruginosa group,n,48.0,37,2,soil,Lactams,12.59807742658843,454.5190000000002,32.194712307118486,8.01450337730999,4550942.278740729,34.992453132702416,4.339655680673546,5.907179729351506,5.907179729351506,5.969305287951849,9.476340119217006,0.0,27.05793037429423,23.098670827325854,22.923611921069625,11.505707213493578,0.0,52.64422052337183,0.0,11.505707213493578,22.60508761474241,0.0,0.0,34.860555776716964,6.923737199690624,0.0,0.0,0.0,17.078811743562845,9.347279377526311,50.769588517477175,0.0,6.923737199690624,0.0,1.9784246318012204,4.242892128306505,31.125597457150874,0.6267425329100114,-1.1889873213750726,-0.7793093500281454,1.2901944440950919,1.7184856338468966,0.0,2.0,2.0,2.0,1.0,4.0,-0.6360799999999995,0.0,6.0,7.0,0.0,1.0,0.0
58,Escherichia coli,green_synthesis from fungus  Phytophthora infestans,Cefazolin,60.0,spherical,MIC,2.5,0.5,0.3125,Bacteria,Pseudomonadota,Gammaproteobacteria,Enterobacterales,Enterobacteriaceae,Escherichia,Escherichia coli,n,84.0,37,2,urine,Lactams,12.59807742658843,454.5190000000002,32.194712307118486,8.01450337730999,4550942.278740729,34.992453132702416,4.339655680673546,5.907179729351506,5.907179729351506,5.969305287951849,9.476340119217006,0.0,27.05793037429423,23.098670827325854,22.923611921069625,11.505707213493578,0.0,52.64422052337183,0.0,11.505707213493578,22.60508761474241,0.0,0.0,34.860555776716964,6.923737199690624,0.0,0.0,0.0,17.078811743562845,9.347279377526311,50.769588517477175,0.0,6.923737199690624,0.0,1.9784246318012204,4.242892128306505,31.125597457150874,0.6267425329100114,-1.1889873213750726,-0.7793093500281454,1.2901944440950919,1.7184856338468966,0.0,2.0,2.0,2.0,1.0,4.0,-0.6360799999999995,0.0,6.0,7.0,0.0,1.0,0.0
59,Staphylococcus aureus,green_synthesis from fungus  Phytophthora infestans,Mupirocin,60.0,spherical,MIC,5.0,0.3,0.625,Bacteria,Bacillota,Bacilli,Bacillales,Staphylococcaceae,Staphylococcus,Staphylococcus aureus,p,36.0,37,2,skin,Fatty acyls,12.05413056512242,500.62900000000013,16.598433185716036,5.822051504664327,46042084.965057455,6.103966387748303,0.0,0.0,0.0,11.938610575903699,4.794537184071822,0.0,0.0,38.18012822146393,39.53076089108528,24.332653822082676,43.73359586776734,11.938610575903699,11.835812092322787,13.213763929025836,11.64912463690315,0.0,0.0,0.0,11.835812092322787,0.0,0.0,0.0,38.04933332787313,32.10410811463005,6.076020106833881,13.847474399381248,6.923737199690624,19.31711625624085,16.719009641896037,0.0,39.46983550314171,0.7078508872046937,-1.4219554285331526,0.0,4.6140264725236975,6.066933873259326,0.0,2.0,2.0,0.0,2.0,2.0,2.5925000000000016,3.0,0.0,0.0,0.0,0.0,3.0
60,Pseudomonas aeruginosa,green_synthesis from fungus  Phytophthora infestans,Mupirocin,60.0,spherical,MIC,2.5,0.1,0.3125,Bacteria,Pseudomonadota,Gammaproteobacteria,Pseudomonadales,Pseudomonadaceae,Pseudomonas,Pseudomonas aeruginosa group,n,48.0,37,2,soil,Fatty acyls,12.05413056512242,500.62900000000013,16.598433185716036,5.822051504664327,46042084.965057455,6.103966387748303,0.0,0.0,0.0,11.938610575903699,4.794537184071822,0.0,0.0,38.18012822146393,39.53076089108528,24.332653822082676,43.73359586776734,11.938610575903699,11.835812092322787,13.213763929025836,11.64912463690315,0.0,0.0,0.0,11.835812092322787,0.0,0.0,0.0,38.04933332787313,32.10410811463005,6.076020106833881,13.847474399381248,6.923737199690624,19.31711625624085,16.719009641896037,0.0,39.46983550314171,0.7078508872046937,-1.4219554285331526,0.0,4.6140264725236975,6.066933873259326,0.0,2.0,2.0,0.0,2.0,2.0,2.5925000000000016,3.0,0.0,0.0,0.0,0.0,3.0
61,Escherichia coli,green_synthesis from fungus  Phytophthora infestans,Mupirocin,60.0,spherical,MIC,2.5,1.75,0.0,Bacteria,Pseudomonadota,Gammaproteobacteria,Enterobacterales,Enterobacteriaceae,Escherichia,Escherichia coli,n,84.0,37,2,urine,Fatty acyls,12.05413056512242,500.62900000000013,16.598433185716036,5.822051504664327,46042084.965057455,6.103966387748303,0.0,0.0,0.0,11.938610575903699,4.794537184071822,0.0,0.0,38.18012822146393,39.53076089108528,24.332653822082676,43.73359586776734,11.938610575903699,11.835812092322787,13.213763929025836,11.64912463690315,0.0,0.0,0.0,11.835812092322787,0.0,0.0,0.0,38.04933332787313,32.10410811463005,6.076020106833881,13.847474399381248,6.923737199690624,19.31711625624085,16.719009641896037,0.0,39.46983550314171,0.7078508872046937,-1.4219554285331526,0.0,4.6140264725236975,6.066933873259326,0.0,2.0,2.0,0.0,2.0,2.0,2.5925000000000016,3.0,0.0,0.0,0.0,0.0,3.0
62,Staphylococcus aureus,green_synthesis from fungus  Phytophthora infestans,Gentamicin,60.0,spherical,MIC,5.0,0.6,1.25,Bacteria,Bacillota,Bacilli,Bacillales,Staphylococcaceae,Staphylococcus,Staphylococcus aureus,p,36.0,37,2,skin,Aminoglycoside ,11.129477946271102,477.60300000000035,16.71320241000861,5.015798641482701,12965995.530690867,30.016916361976897,12.580053458670426,0.0,0.0,0.0,0.0,0.0,0.0,0.0,47.205283233513654,18.12552248744388,24.794530010557143,0.0,17.201002431486554,20.702225929867296,0.0,0.0,0.0,0.0,0.0,0.0,0.0,0.0,12.841643245852019,6.4208216229260096,0.0,13.971409182367815,13.971409182367815,36.148454246686754,23.720991550922037,0.0,38.34001374191151,17.507355870220174,0.0,-2.1118188855886944,-4.221864506384813,3.5225569882466115,3.492765240673166,2.0,3.0,0.0,3.0,3.0,-3.327499999999995,3.0,0.0,0.0,0.0,0.0,4.0
63,Pseudomonas aeruginosa,green_synthesis from fungus  Phytophthora infestans,Gentamicin,60.0,spherical,MIC,2.5,0.4,0.625,Bacteria,Pseudomonadota,Gammaproteobacteria,Pseudomonadales,Pseudomonadaceae,Pseudomonas,Pseudomonas aeruginosa group,n,48.0,37,2,soil,Aminoglycoside ,11.129477946271102,477.60300000000035,16.71320241000861,5.015798641482701,12965995.530690867,30.016916361976897,12.580053458670426,0.0,0.0,0.0,0.0,0.0,0.0,0.0,47.205283233513654,18.12552248744388,24.794530010557143,0.0,17.201002431486554,20.702225929867296,0.0,0.0,0.0,0.0,0.0,0.0,0.0,0.0,12.841643245852019,6.4208216229260096,0.0,13.971409182367815,13.971409182367815,36.148454246686754,23.720991550922037,0.0,38.34001374191151,17.507355870220174,0.0,-2.1118188855886944,-4.221864506384813,3.5225569882466115,3.492765240673166,2.0,3.0,0.0,3.0,3.0,-3.327499999999995,3.0,0.0,0.0,0.0,0.0,4.0
64,Escherichia coli,green_synthesis from fungus  Phytophthora infestans,Gentamicin,60.0,spherical,MIC,2.5,0.3,0.3125,Bacteria,Pseudomonadota,Gammaproteobacteria,Enterobacterales,Enterobacteriaceae,Escherichia,Escherichia coli,n,84.0,37,2,urine,Aminoglycoside ,11.129477946271102,477.60300000000035,16.71320241000861,5.015798641482701,12965995.530690867,30.016916361976897,12.580053458670426,0.0,0.0,0.0,0.0,0.0,0.0,0.0,47.205283233513654,18.12552248744388,24.794530010557143,0.0,17.201002431486554,20.702225929867296,0.0,0.0,0.0,0.0,0.0,0.0,0.0,0.0,12.841643245852019,6.4208216229260096,0.0,13.971409182367815,13.971409182367815,36.148454246686754,23.720991550922037,0.0,38.34001374191151,17.507355870220174,0.0,-2.1118188855886944,-4.221864506384813,3.5225569882466115,3.492765240673166,2.0,3.0,0.0,3.0,3.0,-3.327499999999995,3.0,0.0,0.0,0.0,0.0,4.0
65,Staphylococcus aureus,green_synthesis from fungus  Phytophthora infestans,Neomycin,60.0,spherical,MIC,5.0,0.3,0.625,Bacteria,Bacillota,Bacilli,Bacillales,Staphylococcaceae,Staphylococcus,Staphylococcus aureus,p,36.0,37,2,skin,aminoglycoside ,11.113683008276261,614.6500000000002,16.758510780180902,5.0184038532599855,1343092814.156435,67.14363026523132,18.870080188005637,0.0,0.0,0.0,0.0,0.0,0.0,0.0,6.4208216229260096,25.17319447012107,24.794530010557143,0.0,34.40200486297311,19.696394776338067,0.0,0.0,0.0,0.0,0.0,0.0,0.0,0.0,0.0,0.0,0.0,0.0,0.0,62.82318258577341,34.648401683932605,0.0,72.9766666518619,35.636528518238705,0.0,-4.1844130215872735,-19.777180096406134,-0.9666704027064863,0.0,3.0,4.0,0.0,4.0,4.0,-8.895300000000017,7.0,0.0,0.0,0.0,0.0,6.0
66,Pseudomonas aeruginosa,green_synthesis from fungus  Phytophthora infestans,Neomycin,60.0,spherical,MIC,2.5,1.75,0.0,Bacteria,Pseudomonadota,Gammaproteobacteria,Pseudomonadales,Pseudomonadaceae,Pseudomonas,Pseudomonas aeruginosa group,n,48.0,37,2,soil,aminoglycoside ,11.113683008276261,614.6500000000002,16.758510780180902,5.0184038532599855,1343092814.156435,67.14363026523132,18.870080188005637,0.0,0.0,0.0,0.0,0.0,0.0,0.0,6.4208216229260096,25.17319447012107,24.794530010557143,0.0,34.40200486297311,19.696394776338067,0.0,0.0,0.0,0.0,0.0,0.0,0.0,0.0,0.0,0.0,0.0,0.0,0.0,62.82318258577341,34.648401683932605,0.0,72.9766666518619,35.636528518238705,0.0,-4.1844130215872735,-19.777180096406134,-0.9666704027064863,0.0,3.0,4.0,0.0,4.0,4.0,-8.895300000000017,7.0,0.0,0.0,0.0,0.0,6.0
67,Escherichia coli,green_synthesis from fungus  Phytophthora infestans,Neomycin,60.0,spherical,MIC,2.5,0.0,2.5,Bacteria,Pseudomonadota,Gammaproteobacteria,Enterobacterales,Enterobacteriaceae,Escherichia,Escherichia coli,n,84.0,37,2,urine,aminoglycoside ,11.113683008276261,614.6500000000002,16.758510780180902,5.0184038532599855,1343092814.156435,67.14363026523132,18.870080188005637,0.0,0.0,0.0,0.0,0.0,0.0,0.0,6.4208216229260096,25.17319447012107,24.794530010557143,0.0,34.40200486297311,19.696394776338067,0.0,0.0,0.0,0.0,0.0,0.0,0.0,0.0,0.0,0.0,0.0,0.0,0.0,62.82318258577341,34.648401683932605,0.0,72.9766666518619,35.636528518238705,0.0,-4.1844130215872735,-19.777180096406134,-0.9666704027064863,0.0,3.0,4.0,0.0,4.0,4.0,-8.895300000000017,7.0,0.0,0.0,0.0,0.0,6.0
68,Staphylococcus aureus,green_synthesis from fungus  Phytophthora infestans,Tetracycline,60.0,spherical,MIC,5.0,0.6,1.25,Bacteria,Bacillota,Bacilli,Bacillales,Staphylococcaceae,Staphylococcus,Staphylococcus aureus,p,36.0,37,2,skin,Tetracyclines,13.313695042831949,444.44000000000017,16.349699175563902,6.244441577254103,7541988.5274806805,22.840946106665523,11.384295757348628,5.783244946364939,5.907179729351506,0.0,0.0,0.0,0.0,12.13273413692322,39.06972134812962,17.408916622392056,17.206343131828646,17.473669622081385,17.56947956948497,14.09534396535438,51.990542992229706,5.749511833283905,0.0,0.0,11.835812092322787,0.0,0.0,0.0,0.0,0.0,44.11809210128031,0.0,0.0,5.733667477162185,0.0,0.0,55.036209694953385,-0.6537508730280199,-7.891260886171374,3.050557292176385,-0.1999820483749053,1.4026620895271686,3.062499607842321,0.0,3.0,1.0,0.0,4.0,-0.21439999999999837,4.0,0.0,1.0,0.0,3.0,0.0
69,Pseudomonas aeruginosa,green_synthesis from fungus  Phytophthora infestans,Tetracycline,60.0,spherical,MIC,2.5,0.8,1.25,Bacteria,Pseudomonadota,Gammaproteobacteria,Pseudomonadales,Pseudomonadaceae,Pseudomonas,Pseudomonas aeruginosa group,n,48.0,37,2,soil,Tetracyclines,13.313695042831949,444.44000000000017,16.349699175563902,6.244441577254103,7541988.5274806805,22.840946106665523,11.384295757348628,5.783244946364939,5.907179729351506,0.0,0.0,0.0,0.0,12.13273413692322,39.06972134812962,17.408916622392056,17.206343131828646,17.473669622081385,17.56947956948497,14.09534396535438,51.990542992229706,5.749511833283905,0.0,0.0,11.835812092322787,0.0,0.0,0.0,0.0,0.0,44.11809210128031,0.0,0.0,5.733667477162185,0.0,0.0,55.036209694953385,-0.6537508730280199,-7.891260886171374,3.050557292176385,-0.1999820483749053,1.4026620895271686,3.062499607842321,0.0,3.0,1.0,0.0,4.0,-0.21439999999999837,4.0,0.0,1.0,0.0,3.0,0.0
70,Escherichia coli,green_synthesis from fungus  Phytophthora infestans,Tetracycline,60.0,spherical,MIC,2.5,0.3,0.625,Bacteria,Pseudomonadota,Gammaproteobacteria,Enterobacterales,Enterobacteriaceae,Escherichia,Escherichia coli,n,84.0,37,2,urine,Tetracyclines,13.313695042831949,444.44000000000017,16.349699175563902,6.244441577254103,7541988.5274806805,22.840946106665523,11.384295757348628,5.783244946364939,5.907179729351506,0.0,0.0,0.0,0.0,12.13273413692322,39.06972134812962,17.408916622392056,17.206343131828646,17.473669622081385,17.56947956948497,14.09534396535438,51.990542992229706,5.749511833283905,0.0,0.0,11.835812092322787,0.0,0.0,0.0,0.0,0.0,44.11809210128031,0.0,0.0,5.733667477162185,0.0,0.0,55.036209694953385,-0.6537508730280199,-7.891260886171374,3.050557292176385,-0.1999820483749053,1.4026620895271686,3.062499607842321,0.0,3.0,1.0,0.0,4.0,-0.21439999999999837,4.0,0.0,1.0,0.0,3.0,0.0
71,Staphylococcus aureus,green_synthesis from fungus  Phytophthora infestans,Vancomycin,60.0,spherical,MIC,5.0,0.3,0.625,Bacteria,Bacillota,Bacilli,Bacillales,Staphylococcaceae,Staphylococcus,Staphylococcus aureus,p,36.0,37,2,skin,carboxylic acids,16.017214138834966,1449.2710000000004,35.4967930759403,6.321583236316157,1.2011332476804883e+25,89.47659525090083,29.934857612799288,53.389796668079654,0.0,5.969305287951849,4.794537184071822,0.0,0.0,55.24845538523111,110.08498363408832,34.71646841886195,41.32274381956614,70.52144317387742,17.385241000485763,13.654553947190108,116.72529597596859,57.12299764966523,0.0,23.20187978046503,5.917906046161393,10.045266627482652,11.126902983393991,14.383611552215466,0.0,66.73003775307771,33.02788051898166,0.0,13.847474399381248,63.090392457589694,38.297719817048595,14.104060618953639,130.50687133113217,8.003711425926706,-15.9867848461044,-0.6786651744934149,-18.55014789207184,5.659418699136037,1.4723086925515987,7.0,7.0,5.0,2.0,12.0,0.10620000000000512,6.0,0.0,0.0,0.0,15.0,6.0
72,Pseudomonas aeruginosa,green_synthesis from fungus  Phytophthora infestans,Vancomycin,60.0,spherical,MIC,2.5,0.3,0.3125,Bacteria,Pseudomonadota,Gammaproteobacteria,Pseudomonadales,Pseudomonadaceae,Pseudomonas,Pseudomonas aeruginosa group,n,48.0,37,2,soil,carboxylic acids,16.017214138834966,1449.2710000000004,35.4967930759403,6.321583236316157,1.2011332476804883e+25,89.47659525090083,29.934857612799288,53.389796668079654,0.0,5.969305287951849,4.794537184071822,0.0,0.0,55.24845538523111,110.08498363408832,34.71646841886195,41.32274381956614,70.52144317387742,17.385241000485763,13.654553947190108,116.72529597596859,57.12299764966523,0.0,23.20187978046503,5.917906046161393,10.045266627482652,11.126902983393991,14.383611552215466,0.0,66.73003775307771,33.02788051898166,0.0,13.847474399381248,63.090392457589694,38.297719817048595,14.104060618953639,130.50687133113217,8.003711425926706,-15.9867848461044,-0.6786651744934149,-18.55014789207184,5.659418699136037,1.4723086925515987,7.0,7.0,5.0,2.0,12.0,0.10620000000000512,6.0,0.0,0.0,0.0,15.0,6.0
73,Escherichia coli,green_synthesis from fungus  Phytophthora infestans,Vancomycin,60.0,spherical,MIC,2.5,0.6,0.625,Bacteria,Pseudomonadota,Gammaproteobacteria,Enterobacterales,Enterobacteriaceae,Escherichia,Escherichia coli,n,84.0,37,2,urine,carboxylic acids,16.017214138834966,1449.2710000000004,35.4967930759403,6.321583236316157,1.2011332476804883e+25,89.47659525090083,29.934857612799288,53.389796668079654,0.0,5.969305287951849,4.794537184071822,0.0,0.0,55.24845538523111,110.08498363408832,34.71646841886195,41.32274381956614,70.52144317387742,17.385241000485763,13.654553947190108,116.72529597596859,57.12299764966523,0.0,23.20187978046503,5.917906046161393,10.045266627482652,11.126902983393991,14.383611552215466,0.0,66.73003775307771,33.02788051898166,0.0,13.847474399381248,63.090392457589694,38.297719817048595,14.104060618953639,130.50687133113217,8.003711425926706,-15.9867848461044,-0.6786651744934149,-18.55014789207184,5.659418699136037,1.4723086925515987,7.0,7.0,5.0,2.0,12.0,0.10620000000000512,6.0,0.0,0.0,0.0,15.0,6.0
92,Salmonella enterica,chem_synthesis_reduction_by_D_maltose,Amoxicillin,8.0,spherical,MIC,12.5,1.0,1.0,Bacteria,Pseudomonadota,Gammaproteobacteria,Enterobacterales,Enterobacteriaceae,Salmonella,Salmonella enterica,n,42.0,37,2,food,Lactams,12.347538895187707,365.4110000000001,32.16690631043884,8.013148748605687,291485.62989158236,29.248907133696527,0.0,11.814359458703011,0.0,5.969305287951849,4.794537184071822,0.0,11.761884949391115,12.13273413692322,31.54366002800146,4.747022453217559,0.0,29.545549696045974,5.733667477162185,0.0,29.828919765543436,5.749511833283905,0.0,11.761884949391115,0.0,0.0,0.0,0.0,5.563451491696996,0.0,40.927262954088036,13.847474399381248,0.0,5.733667477162185,-0.6481045711443436,1.3530174446832093,20.864004624308485,6.4092400741160676,-1.9379691177460066,3.205759785982547,0.0,3.533958493288469,0.0,2.0,2.0,1.0,2.0,3.0,0.023700000000000443,0.0,0.0,1.0,0.0,1.0,0.0
93,Staphylococcus aureus,chem_synthesis_reduction_by_D_maltose,Amoxicillin,8.0,spherical,MIC,25.0,0.5,2.0,Bacteria,Bacillota,Bacilli,Bacillales,Staphylococcaceae,Staphylococcus,Staphylococcus aureus,p,36.0,37,2,skin,Lactams,12.347538895187707,365.4110000000001,32.16690631043884,8.013148748605687,291485.62989158236,29.248907133696527,0.0,11.814359458703011,0.0,5.969305287951849,4.794537184071822,0.0,11.761884949391115,12.13273413692322,31.54366002800146,4.747022453217559,0.0,29.545549696045974,5.733667477162185,0.0,29.828919765543436,5.749511833283905,0.0,11.761884949391115,0.0,0.0,0.0,0.0,5.563451491696996,0.0,40.927262954088036,13.847474399381248,0.0,5.733667477162185,-0.6481045711443436,1.3530174446832093,20.864004624308485,6.4092400741160676,-1.9379691177460066,3.205759785982547,0.0,3.533958493288469,0.0,2.0,2.0,1.0,2.0,3.0,0.023700000000000443,0.0,0.0,1.0,0.0,1.0,0.0
94,Escherichia coli,chem_synthesis_reduction_by_D_maltose,Amoxicillin,8.0,spherical,MIC,6.3,32.0,32.0,Bacteria,Pseudomonadota,Gammaproteobacteria,Enterobacterales,Enterobacteriaceae,Escherichia,Escherichia coli,n,84.0,37,2,urine,Lactams,12.347538895187707,365.4110000000001,32.16690631043884,8.013148748605687,291485.62989158236,29.248907133696527,0.0,11.814359458703011,0.0,5.969305287951849,4.794537184071822,0.0,11.761884949391115,12.13273413692322,31.54366002800146,4.747022453217559,0.0,29.545549696045974,5.733667477162185,0.0,29.828919765543436,5.749511833283905,0.0,11.761884949391115,0.0,0.0,0.0,0.0,5.563451491696996,0.0,40.927262954088036,13.847474399381248,0.0,5.733667477162185,-0.6481045711443436,1.3530174446832093,20.864004624308485,6.4092400741160676,-1.9379691177460066,3.205759785982547,0.0,3.533958493288469,0.0,2.0,2.0,1.0,2.0,3.0,0.023700000000000443,0.0,0.0,1.0,0.0,1.0,0.0
95,Actinobacillus pleuropneumoniae,chem_synthesis_reduction_by_D_maltose,Amoxicillin,8.0,spherical,MIC,25.0,8.0,32.0,Bacteria,Pseudomonadota,Gammaproteobacteria,Pasteurellales,Pasteurellaceae,Actinobacillus,Actinobacillus pleuropneumoniae,n,36.0,37,2,lungs,Lactams,12.347538895187707,365.4110000000001,32.16690631043884,8.013148748605687,291485.62989158236,29.248907133696527,0.0,11.814359458703011,0.0,5.969305287951849,4.794537184071822,0.0,11.761884949391115,12.13273413692322,31.54366002800146,4.747022453217559,0.0,29.545549696045974,5.733667477162185,0.0,29.828919765543436,5.749511833283905,0.0,11.761884949391115,0.0,0.0,0.0,0.0,5.563451491696996,0.0,40.927262954088036,13.847474399381248,0.0,5.733667477162185,-0.6481045711443436,1.3530174446832093,20.864004624308485,6.4092400741160676,-1.9379691177460066,3.205759785982547,0.0,3.533958493288469,0.0,2.0,2.0,1.0,2.0,3.0,0.023700000000000443,0.0,0.0,1.0,0.0,1.0,0.0
96,Pasteurella Multocida,chem_synthesis_reduction_by_D_maltose,Amoxicillin,8.0,spherical,MIC,100.0,0.125,0.25,Bacteria,Pseudomonadota,Gammaproteobacteria,Pasteurellales,Pasteurellaceae,Pasteurella,Pasteurella Multocida,n,18.0,37,2,lungs,Lactams,12.347538895187707,365.4110000000001,32.16690631043884,8.013148748605687,291485.62989158236,29.248907133696527,0.0,11.814359458703011,0.0,5.969305287951849,4.794537184071822,0.0,11.761884949391115,12.13273413692322,31.54366002800146,4.747022453217559,0.0,29.545549696045974,5.733667477162185,0.0,29.828919765543436,5.749511833283905,0.0,11.761884949391115,0.0,0.0,0.0,0.0,5.563451491696996,0.0,40.927262954088036,13.847474399381248,0.0,5.733667477162185,-0.6481045711443436,1.3530174446832093,20.864004624308485,6.4092400741160676,-1.9379691177460066,3.205759785982547,0.0,3.533958493288469,0.0,2.0,2.0,1.0,2.0,3.0,0.023700000000000443,0.0,0.0,1.0,0.0,1.0,0.0
97,Streptococcus uberis,chem_synthesis_reduction_by_D_maltose,Amoxicillin,8.0,spherical,MIC,6.3,0.25,0.25,Bacteria,Bacillota,Bacilli,Lactobacillales,Streptococcaceae,Streptococcus,Streptococcus uberis,p,36.0,37,2,mammary gland,Lactams,12.347538895187707,365.4110000000001,32.16690631043884,8.013148748605687,291485.62989158236,29.248907133696527,0.0,11.814359458703011,0.0,5.969305287951849,4.794537184071822,0.0,11.761884949391115,12.13273413692322,31.54366002800146,4.747022453217559,0.0,29.545549696045974,5.733667477162185,0.0,29.828919765543436,5.749511833283905,0.0,11.761884949391115,0.0,0.0,0.0,0.0,5.563451491696996,0.0,40.927262954088036,13.847474399381248,0.0,5.733667477162185,-0.6481045711443436,1.3530174446832093,20.864004624308485,6.4092400741160676,-1.9379691177460066,3.205759785982547,0.0,3.533958493288469,0.0,2.0,2.0,1.0,2.0,3.0,0.023700000000000443,0.0,0.0,1.0,0.0,1.0,0.0
98,Salmonella enterica,chem_synthesis_reduction_by_D_maltose,Amoxicillin,28.0,spherical,MIC,25.0,1.0,1.0,Bacteria,Pseudomonadota,Gammaproteobacteria,Enterobacterales,Enterobacteriaceae,Salmonella,Salmonella enterica,n,42.0,37,2,food,Lactams,12.347538895187707,365.4110000000001,32.16690631043884,8.013148748605687,291485.62989158236,29.248907133696527,0.0,11.814359458703011,0.0,5.969305287951849,4.794537184071822,0.0,11.761884949391115,12.13273413692322,31.54366002800146,4.747022453217559,0.0,29.545549696045974,5.733667477162185,0.0,29.828919765543436,5.749511833283905,0.0,11.761884949391115,0.0,0.0,0.0,0.0,5.563451491696996,0.0,40.927262954088036,13.847474399381248,0.0,5.733667477162185,-0.6481045711443436,1.3530174446832093,20.864004624308485,6.4092400741160676,-1.9379691177460066,3.205759785982547,0.0,3.533958493288469,0.0,2.0,2.0,1.0,2.0,3.0,0.023700000000000443,0.0,0.0,1.0,0.0,1.0,0.0
99,Staphylococcus aureus,chem_synthesis_reduction_by_D_maltose,Amoxicillin,28.0,spherical,MIC,50.0,1.0,2.0,Bacteria,Bacillota,Bacilli,Bacillales,Staphylococcaceae,Staphylococcus,Staphylococcus aureus,p,36.0,37,2,skin,Lactams,12.347538895187707,365.4110000000001,32.16690631043884,8.013148748605687,291485.62989158236,29.248907133696527,0.0,11.814359458703011,0.0,5.969305287951849,4.794537184071822,0.0,11.761884949391115,12.13273413692322,31.54366002800146,4.747022453217559,0.0,29.545549696045974,5.733667477162185,0.0,29.828919765543436,5.749511833283905,0.0,11.761884949391115,0.0,0.0,0.0,0.0,5.563451491696996,0.0,40.927262954088036,13.847474399381248,0.0,5.733667477162185,-0.6481045711443436,1.3530174446832093,20.864004624308485,6.4092400741160676,-1.9379691177460066,3.205759785982547,0.0,3.533958493288469,0.0,2.0,2.0,1.0,2.0,3.0,0.023700000000000443,0.0,0.0,1.0,0.0,1.0,0.0
100,Escherichia coli,chem_synthesis_reduction_by_D_maltose,Amoxicillin,28.0,spherical,MIC,25.0,32.0,32.0,Bacteria,Pseudomonadota,Gammaproteobacteria,Enterobacterales,Enterobacteriaceae,Escherichia,Escherichia coli,n,84.0,37,2,urine,Lactams,12.347538895187707,365.4110000000001,32.16690631043884,8.013148748605687,291485.62989158236,29.248907133696527,0.0,11.814359458703011,0.0,5.969305287951849,4.794537184071822,0.0,11.761884949391115,12.13273413692322,31.54366002800146,4.747022453217559,0.0,29.545549696045974,5.733667477162185,0.0,29.828919765543436,5.749511833283905,0.0,11.761884949391115,0.0,0.0,0.0,0.0,5.563451491696996,0.0,40.927262954088036,13.847474399381248,0.0,5.733667477162185,-0.6481045711443436,1.3530174446832093,20.864004624308485,6.4092400741160676,-1.9379691177460066,3.205759785982547,0.0,3.533958493288469,0.0,2.0,2.0,1.0,2.0,3.0,0.023700000000000443,0.0,0.0,1.0,0.0,1.0,0.0
101,Actinobacillus pleuropneumoniae,chem_synthesis_reduction_by_D_maltose,Amoxicillin,28.0,spherical,MIC,50.0,8.0,32.0,Bacteria,Pseudomonadota,Gammaproteobacteria,Pasteurellales,Pasteurellaceae,Actinobacillus,Actinobacillus pleuropneumoniae,n,36.0,37,2,lungs,Lactams,12.347538895187707,365.4110000000001,32.16690631043884,8.013148748605687,291485.62989158236,29.248907133696527,0.0,11.814359458703011,0.0,5.969305287951849,4.794537184071822,0.0,11.761884949391115,12.13273413692322,31.54366002800146,4.747022453217559,0.0,29.545549696045974,5.733667477162185,0.0,29.828919765543436,5.749511833283905,0.0,11.761884949391115,0.0,0.0,0.0,0.0,5.563451491696996,0.0,40.927262954088036,13.847474399381248,0.0,5.733667477162185,-0.6481045711443436,1.3530174446832093,20.864004624308485,6.4092400741160676,-1.9379691177460066,3.205759785982547,0.0,3.533958493288469,0.0,2.0,2.0,1.0,2.0,3.0,0.023700000000000443,0.0,0.0,1.0,0.0,1.0,0.0
102,Pasteurella Multocida,chem_synthesis_reduction_by_D_maltose,Amoxicillin,28.0,spherical,MIC,50.0,0.25,0.25,Bacteria,Pseudomonadota,Gammaproteobacteria,Pasteurellales,Pasteurellaceae,Pasteurella,Pasteurella Multocida,n,18.0,37,2,lungs,Lactams,12.347538895187707,365.4110000000001,32.16690631043884,8.013148748605687,291485.62989158236,29.248907133696527,0.0,11.814359458703011,0.0,5.969305287951849,4.794537184071822,0.0,11.761884949391115,12.13273413692322,31.54366002800146,4.747022453217559,0.0,29.545549696045974,5.733667477162185,0.0,29.828919765543436,5.749511833283905,0.0,11.761884949391115,0.0,0.0,0.0,0.0,5.563451491696996,0.0,40.927262954088036,13.847474399381248,0.0,5.733667477162185,-0.6481045711443436,1.3530174446832093,20.864004624308485,6.4092400741160676,-1.9379691177460066,3.205759785982547,0.0,3.533958493288469,0.0,2.0,2.0,1.0,2.0,3.0,0.023700000000000443,0.0,0.0,1.0,0.0,1.0,0.0
103,Streptococcus uberis,chem_synthesis_reduction_by_D_maltose,Amoxicillin,28.0,spherical,MIC,6.3,0.25,0.25,Bacteria,Bacillota,Bacilli,Lactobacillales,Streptococcaceae,Streptococcus,Streptococcus uberis,p,36.0,37,2,mammary gland,Lactams,12.347538895187707,365.4110000000001,32.16690631043884,8.013148748605687,291485.62989158236,29.248907133696527,0.0,11.814359458703011,0.0,5.969305287951849,4.794537184071822,0.0,11.761884949391115,12.13273413692322,31.54366002800146,4.747022453217559,0.0,29.545549696045974,5.733667477162185,0.0,29.828919765543436,5.749511833283905,0.0,11.761884949391115,0.0,0.0,0.0,0.0,5.563451491696996,0.0,40.927262954088036,13.847474399381248,0.0,5.733667477162185,-0.6481045711443436,1.3530174446832093,20.864004624308485,6.4092400741160676,-1.9379691177460066,3.205759785982547,0.0,3.533958493288469,0.0,2.0,2.0,1.0,2.0,3.0,0.023700000000000443,0.0,0.0,1.0,0.0,1.0,0.0
104,Salmonella enterica,chem_synthesis_reduction_by_D_maltose,penicillin G,8.0,spherical,MIC,12.5,1.0,2.0,Bacteria,Pseudomonadota,Gammaproteobacteria,Enterobacterales,Enterobacteriaceae,Salmonella,Salmonella enterica,n,42.0,37,2,food,Carboxylic acids and derivatives,12.26831884605694,334.39700000000005,32.16690614916108,8.013146257169778,129114.72313101777,17.45755447126466,0.0,11.814359458703011,0.0,5.969305287951849,4.794537184071822,0.0,11.761884949391115,30.33183534230805,19.410925891078243,4.747022453217559,6.4208216229260096,29.545549696045974,0.0,0.0,35.89528683400505,0.0,0.0,11.761884949391115,0.0,0.0,0.0,0.0,0.0,5.563451491696996,16.66179468024159,0.0,44.179309741689295,0.0,-0.5783058915140893,1.4237074305030653,11.789438746504457,0.8717091967960027,-1.5549260303422452,7.784420219356601,0.2021415186444946,3.6208405244813973,0.0,2.0,2.0,1.0,2.0,3.0,0.8607999999999998,0.0,0.0,1.0,0.0,1.0,0.0
105,Staphylococcus aureus,chem_synthesis_reduction_by_D_maltose,penicillin G,8.0,spherical,MIC,25.0,0.125,1.0,Bacteria,Bacillota,Bacilli,Bacillales,Staphylococcaceae,Staphylococcus,Staphylococcus aureus,p,36.0,37,2,skin,Carboxylic acids and derivatives,12.26831884605694,334.39700000000005,32.16690614916108,8.013146257169778,129114.72313101777,17.45755447126466,0.0,11.814359458703011,0.0,5.969305287951849,4.794537184071822,0.0,11.761884949391115,30.33183534230805,19.410925891078243,4.747022453217559,6.4208216229260096,29.545549696045974,0.0,0.0,35.89528683400505,0.0,0.0,11.761884949391115,0.0,0.0,0.0,0.0,0.0,5.563451491696996,16.66179468024159,0.0,44.179309741689295,0.0,-0.5783058915140893,1.4237074305030653,11.789438746504457,0.8717091967960027,-1.5549260303422452,7.784420219356601,0.2021415186444946,3.6208405244813973,0.0,2.0,2.0,1.0,2.0,3.0,0.8607999999999998,0.0,0.0,1.0,0.0,1.0,0.0
106,Escherichia coli,chem_synthesis_reduction_by_D_maltose,penicillin G,8.0,spherical,MIC,6.3,32.0,32.0,Bacteria,Pseudomonadota,Gammaproteobacteria,Enterobacterales,Enterobacteriaceae,Escherichia,Escherichia coli,n,84.0,37,2,urine,Carboxylic acids and derivatives,12.26831884605694,334.39700000000005,32.16690614916108,8.013146257169778,129114.72313101777,17.45755447126466,0.0,11.814359458703011,0.0,5.969305287951849,4.794537184071822,0.0,11.761884949391115,30.33183534230805,19.410925891078243,4.747022453217559,6.4208216229260096,29.545549696045974,0.0,0.0,35.89528683400505,0.0,0.0,11.761884949391115,0.0,0.0,0.0,0.0,0.0,5.563451491696996,16.66179468024159,0.0,44.179309741689295,0.0,-0.5783058915140893,1.4237074305030653,11.789438746504457,0.8717091967960027,-1.5549260303422452,7.784420219356601,0.2021415186444946,3.6208405244813973,0.0,2.0,2.0,1.0,2.0,3.0,0.8607999999999998,0.0,0.0,1.0,0.0,1.0,0.0
107,Actinobacillus pleuropneumoniae,chem_synthesis_reduction_by_D_maltose,penicillin G,8.0,spherical,MIC,25.0,2.0,32.0,Bacteria,Pseudomonadota,Gammaproteobacteria,Pasteurellales,Pasteurellaceae,Actinobacillus,Actinobacillus pleuropneumoniae,n,36.0,37,2,lungs,Carboxylic acids and derivatives,12.26831884605694,334.39700000000005,32.16690614916108,8.013146257169778,129114.72313101777,17.45755447126466,0.0,11.814359458703011,0.0,5.969305287951849,4.794537184071822,0.0,11.761884949391115,30.33183534230805,19.410925891078243,4.747022453217559,6.4208216229260096,29.545549696045974,0.0,0.0,35.89528683400505,0.0,0.0,11.761884949391115,0.0,0.0,0.0,0.0,0.0,5.563451491696996,16.66179468024159,0.0,44.179309741689295,0.0,-0.5783058915140893,1.4237074305030653,11.789438746504457,0.8717091967960027,-1.5549260303422452,7.784420219356601,0.2021415186444946,3.6208405244813973,0.0,2.0,2.0,1.0,2.0,3.0,0.8607999999999998,0.0,0.0,1.0,0.0,1.0,0.0
108,Pasteurella Multocida,chem_synthesis_reduction_by_D_maltose,penicillin G,8.0,spherical,MIC,100.0,0.03,0.03,Bacteria,Pseudomonadota,Gammaproteobacteria,Pasteurellales,Pasteurellaceae,Pasteurella,Pasteurella Multocida,n,18.0,37,2,lungs,Carboxylic acids and derivatives,12.26831884605694,334.39700000000005,32.16690614916108,8.013146257169778,129114.72313101777,17.45755447126466,0.0,11.814359458703011,0.0,5.969305287951849,4.794537184071822,0.0,11.761884949391115,30.33183534230805,19.410925891078243,4.747022453217559,6.4208216229260096,29.545549696045974,0.0,0.0,35.89528683400505,0.0,0.0,11.761884949391115,0.0,0.0,0.0,0.0,0.0,5.563451491696996,16.66179468024159,0.0,44.179309741689295,0.0,-0.5783058915140893,1.4237074305030653,11.789438746504457,0.8717091967960027,-1.5549260303422452,7.784420219356601,0.2021415186444946,3.6208405244813973,0.0,2.0,2.0,1.0,2.0,3.0,0.8607999999999998,0.0,0.0,1.0,0.0,1.0,0.0
109,Salmonella enterica,chem_synthesis_reduction_by_D_maltose,penicillin G,28.0,spherical,MIC,25.0,1.0,2.0,Bacteria,Pseudomonadota,Gammaproteobacteria,Enterobacterales,Enterobacteriaceae,Salmonella,Salmonella enterica,n,42.0,37,2,food,Carboxylic acids and derivatives,12.26831884605694,334.39700000000005,32.16690614916108,8.013146257169778,129114.72313101777,17.45755447126466,0.0,11.814359458703011,0.0,5.969305287951849,4.794537184071822,0.0,11.761884949391115,30.33183534230805,19.410925891078243,4.747022453217559,6.4208216229260096,29.545549696045974,0.0,0.0,35.89528683400505,0.0,0.0,11.761884949391115,0.0,0.0,0.0,0.0,0.0,5.563451491696996,16.66179468024159,0.0,44.179309741689295,0.0,-0.5783058915140893,1.4237074305030653,11.789438746504457,0.8717091967960027,-1.5549260303422452,7.784420219356601,0.2021415186444946,3.6208405244813973,0.0,2.0,2.0,1.0,2.0,3.0,0.8607999999999998,0.0,0.0,1.0,0.0,1.0,0.0
110,Staphylococcus aureus,chem_synthesis_reduction_by_D_maltose,penicillin G,28.0,spherical,MIC,50.0,0.5,1.0,Bacteria,Bacillota,Bacilli,Bacillales,Staphylococcaceae,Staphylococcus,Staphylococcus aureus,p,36.0,37,2,skin,Carboxylic acids and derivatives,12.26831884605694,334.39700000000005,32.16690614916108,8.013146257169778,129114.72313101777,17.45755447126466,0.0,11.814359458703011,0.0,5.969305287951849,4.794537184071822,0.0,11.761884949391115,30.33183534230805,19.410925891078243,4.747022453217559,6.4208216229260096,29.545549696045974,0.0,0.0,35.89528683400505,0.0,0.0,11.761884949391115,0.0,0.0,0.0,0.0,0.0,5.563451491696996,16.66179468024159,0.0,44.179309741689295,0.0,-0.5783058915140893,1.4237074305030653,11.789438746504457,0.8717091967960027,-1.5549260303422452,7.784420219356601,0.2021415186444946,3.6208405244813973,0.0,2.0,2.0,1.0,2.0,3.0,0.8607999999999998,0.0,0.0,1.0,0.0,1.0,0.0
111,Escherichia coli,chem_synthesis_reduction_by_D_maltose,penicillin G,28.0,spherical,MIC,25.0,32.0,32.0,Bacteria,Pseudomonadota,Gammaproteobacteria,Enterobacterales,Enterobacteriaceae,Escherichia,Escherichia coli,n,84.0,37,2,urine,Carboxylic acids and derivatives,12.26831884605694,334.39700000000005,32.16690614916108,8.013146257169778,129114.72313101777,17.45755447126466,0.0,11.814359458703011,0.0,5.969305287951849,4.794537184071822,0.0,11.761884949391115,30.33183534230805,19.410925891078243,4.747022453217559,6.4208216229260096,29.545549696045974,0.0,0.0,35.89528683400505,0.0,0.0,11.761884949391115,0.0,0.0,0.0,0.0,0.0,5.563451491696996,16.66179468024159,0.0,44.179309741689295,0.0,-0.5783058915140893,1.4237074305030653,11.789438746504457,0.8717091967960027,-1.5549260303422452,7.784420219356601,0.2021415186444946,3.6208405244813973,0.0,2.0,2.0,1.0,2.0,3.0,0.8607999999999998,0.0,0.0,1.0,0.0,1.0,0.0
112,Actinobacillus pleuropneumoniae,chem_synthesis_reduction_by_D_maltose,penicillin G,28.0,spherical,MIC,50.0,8.0,32.0,Bacteria,Pseudomonadota,Gammaproteobacteria,Pasteurellales,Pasteurellaceae,Actinobacillus,Actinobacillus pleuropneumoniae,n,36.0,37,2,lungs,Carboxylic acids and derivatives,12.26831884605694,334.39700000000005,32.16690614916108,8.013146257169778,129114.72313101777,17.45755447126466,0.0,11.814359458703011,0.0,5.969305287951849,4.794537184071822,0.0,11.761884949391115,30.33183534230805,19.410925891078243,4.747022453217559,6.4208216229260096,29.545549696045974,0.0,0.0,35.89528683400505,0.0,0.0,11.761884949391115,0.0,0.0,0.0,0.0,0.0,5.563451491696996,16.66179468024159,0.0,44.179309741689295,0.0,-0.5783058915140893,1.4237074305030653,11.789438746504457,0.8717091967960027,-1.5549260303422452,7.784420219356601,0.2021415186444946,3.6208405244813973,0.0,2.0,2.0,1.0,2.0,3.0,0.8607999999999998,0.0,0.0,1.0,0.0,1.0,0.0
113,Pasteurella Multocida,chem_synthesis_reduction_by_D_maltose,penicillin G,28.0,spherical,MIC,50.0,0.03,0.03,Bacteria,Pseudomonadota,Gammaproteobacteria,Pasteurellales,Pasteurellaceae,Pasteurella,Pasteurella Multocida,n,18.0,37,2,lungs,Carboxylic acids and derivatives,12.26831884605694,334.39700000000005,32.16690614916108,8.013146257169778,129114.72313101777,17.45755447126466,0.0,11.814359458703011,0.0,5.969305287951849,4.794537184071822,0.0,11.761884949391115,30.33183534230805,19.410925891078243,4.747022453217559,6.4208216229260096,29.545549696045974,0.0,0.0,35.89528683400505,0.0,0.0,11.761884949391115,0.0,0.0,0.0,0.0,0.0,5.563451491696996,16.66179468024159,0.0,44.179309741689295,0.0,-0.5783058915140893,1.4237074305030653,11.789438746504457,0.8717091967960027,-1.5549260303422452,7.784420219356601,0.2021415186444946,3.6208405244813973,0.0,2.0,2.0,1.0,2.0,3.0,0.8607999999999998,0.0,0.0,1.0,0.0,1.0,0.0
114,Salmonella enterica,chem_synthesis_reduction_by_D_maltose,Gentamicin,8.0,spherical,MIC,12.5,0.25,1.0,Bacteria,Pseudomonadota,Gammaproteobacteria,Enterobacterales,Enterobacteriaceae,Salmonella,Salmonella enterica,n,42.0,37,2,food,Aminoglycoside ,11.129477946271102,477.60300000000035,16.71320241000861,5.015798641482701,12965995.530690867,30.016916361976897,12.580053458670426,0.0,0.0,0.0,0.0,0.0,0.0,0.0,47.205283233513654,18.12552248744388,24.794530010557143,0.0,17.201002431486554,20.702225929867296,0.0,0.0,0.0,0.0,0.0,0.0,0.0,0.0,12.841643245852019,6.4208216229260096,0.0,13.971409182367815,13.971409182367815,36.148454246686754,23.720991550922037,0.0,38.34001374191151,17.507355870220174,0.0,-2.1118188855886944,-4.221864506384813,3.5225569882466115,3.492765240673166,2.0,3.0,0.0,3.0,3.0,-3.327499999999995,3.0,0.0,0.0,0.0,0.0,4.0
115,Staphylococcus aureus,chem_synthesis_reduction_by_D_maltose,Gentamicin,8.0,spherical,MIC,25.0,0.5,4.0,Bacteria,Bacillota,Bacilli,Bacillales,Staphylococcaceae,Staphylococcus,Staphylococcus aureus,p,36.0,37,2,skin,Aminoglycoside ,11.129477946271102,477.60300000000035,16.71320241000861,5.015798641482701,12965995.530690867,30.016916361976897,12.580053458670426,0.0,0.0,0.0,0.0,0.0,0.0,0.0,47.205283233513654,18.12552248744388,24.794530010557143,0.0,17.201002431486554,20.702225929867296,0.0,0.0,0.0,0.0,0.0,0.0,0.0,0.0,12.841643245852019,6.4208216229260096,0.0,13.971409182367815,13.971409182367815,36.148454246686754,23.720991550922037,0.0,38.34001374191151,17.507355870220174,0.0,-2.1118188855886944,-4.221864506384813,3.5225569882466115,3.492765240673166,2.0,3.0,0.0,3.0,3.0,-3.327499999999995,3.0,0.0,0.0,0.0,0.0,4.0
116,Escherichia coli,chem_synthesis_reduction_by_D_maltose,Gentamicin,8.0,spherical,MIC,6.3,16.0,32.0,Bacteria,Pseudomonadota,Gammaproteobacteria,Enterobacterales,Enterobacteriaceae,Escherichia,Escherichia coli,n,84.0,37,2,urine,Aminoglycoside ,11.129477946271102,477.60300000000035,16.71320241000861,5.015798641482701,12965995.530690867,30.016916361976897,12.580053458670426,0.0,0.0,0.0,0.0,0.0,0.0,0.0,47.205283233513654,18.12552248744388,24.794530010557143,0.0,17.201002431486554,20.702225929867296,0.0,0.0,0.0,0.0,0.0,0.0,0.0,0.0,12.841643245852019,6.4208216229260096,0.0,13.971409182367815,13.971409182367815,36.148454246686754,23.720991550922037,0.0,38.34001374191151,17.507355870220174,0.0,-2.1118188855886944,-4.221864506384813,3.5225569882466115,3.492765240673166,2.0,3.0,0.0,3.0,3.0,-3.327499999999995,3.0,0.0,0.0,0.0,0.0,4.0
117,Actinobacillus pleuropneumoniae,chem_synthesis_reduction_by_D_maltose,Gentamicin,8.0,spherical,MIC,25.0,8.0,8.0,Bacteria,Pseudomonadota,Gammaproteobacteria,Pasteurellales,Pasteurellaceae,Actinobacillus,Actinobacillus pleuropneumoniae,n,36.0,37,2,lungs,Aminoglycoside ,11.129477946271102,477.60300000000035,16.71320241000861,5.015798641482701,12965995.530690867,30.016916361976897,12.580053458670426,0.0,0.0,0.0,0.0,0.0,0.0,0.0,47.205283233513654,18.12552248744388,24.794530010557143,0.0,17.201002431486554,20.702225929867296,0.0,0.0,0.0,0.0,0.0,0.0,0.0,0.0,12.841643245852019,6.4208216229260096,0.0,13.971409182367815,13.971409182367815,36.148454246686754,23.720991550922037,0.0,38.34001374191151,17.507355870220174,0.0,-2.1118188855886944,-4.221864506384813,3.5225569882466115,3.492765240673166,2.0,3.0,0.0,3.0,3.0,-3.327499999999995,3.0,0.0,0.0,0.0,0.0,4.0
118,Pasteurella Multocida,chem_synthesis_reduction_by_D_maltose,Gentamicin,8.0,spherical,MIC,100.0,2.0,8.0,Bacteria,Pseudomonadota,Gammaproteobacteria,Pasteurellales,Pasteurellaceae,Pasteurella,Pasteurella Multocida,n,18.0,37,2,lungs,Aminoglycoside ,11.129477946271102,477.60300000000035,16.71320241000861,5.015798641482701,12965995.530690867,30.016916361976897,12.580053458670426,0.0,0.0,0.0,0.0,0.0,0.0,0.0,47.205283233513654,18.12552248744388,24.794530010557143,0.0,17.201002431486554,20.702225929867296,0.0,0.0,0.0,0.0,0.0,0.0,0.0,0.0,12.841643245852019,6.4208216229260096,0.0,13.971409182367815,13.971409182367815,36.148454246686754,23.720991550922037,0.0,38.34001374191151,17.507355870220174,0.0,-2.1118188855886944,-4.221864506384813,3.5225569882466115,3.492765240673166,2.0,3.0,0.0,3.0,3.0,-3.327499999999995,3.0,0.0,0.0,0.0,0.0,4.0
119,Salmonella enterica,chem_synthesis_reduction_by_D_maltose,Gentamicin,28.0,spherical,MIC,25.0,0.25,1.0,Bacteria,Pseudomonadota,Gammaproteobacteria,Enterobacterales,Enterobacteriaceae,Salmonella,Salmonella enterica,n,42.0,37,2,food,Aminoglycoside ,11.129477946271102,477.60300000000035,16.71320241000861,5.015798641482701,12965995.530690867,30.016916361976897,12.580053458670426,0.0,0.0,0.0,0.0,0.0,0.0,0.0,47.205283233513654,18.12552248744388,24.794530010557143,0.0,17.201002431486554,20.702225929867296,0.0,0.0,0.0,0.0,0.0,0.0,0.0,0.0,12.841643245852019,6.4208216229260096,0.0,13.971409182367815,13.971409182367815,36.148454246686754,23.720991550922037,0.0,38.34001374191151,17.507355870220174,0.0,-2.1118188855886944,-4.221864506384813,3.5225569882466115,3.492765240673166,2.0,3.0,0.0,3.0,3.0,-3.327499999999995,3.0,0.0,0.0,0.0,0.0,4.0
120,Staphylococcus aureus,chem_synthesis_reduction_by_D_maltose,Gentamicin,28.0,spherical,MIC,50.0,0.25,4.0,Bacteria,Bacillota,Bacilli,Bacillales,Staphylococcaceae,Staphylococcus,Staphylococcus aureus,p,36.0,37,2,skin,Aminoglycoside ,11.129477946271102,477.60300000000035,16.71320241000861,5.015798641482701,12965995.530690867,30.016916361976897,12.580053458670426,0.0,0.0,0.0,0.0,0.0,0.0,0.0,47.205283233513654,18.12552248744388,24.794530010557143,0.0,17.201002431486554,20.702225929867296,0.0,0.0,0.0,0.0,0.0,0.0,0.0,0.0,12.841643245852019,6.4208216229260096,0.0,13.971409182367815,13.971409182367815,36.148454246686754,23.720991550922037,0.0,38.34001374191151,17.507355870220174,0.0,-2.1118188855886944,-4.221864506384813,3.5225569882466115,3.492765240673166,2.0,3.0,0.0,3.0,3.0,-3.327499999999995,3.0,0.0,0.0,0.0,0.0,4.0
121,Escherichia coli,chem_synthesis_reduction_by_D_maltose,Gentamicin,28.0,spherical,MIC,25.0,8.0,32.0,Bacteria,Pseudomonadota,Gammaproteobacteria,Enterobacterales,Enterobacteriaceae,Escherichia,Escherichia coli,n,84.0,37,2,urine,Aminoglycoside ,11.129477946271102,477.60300000000035,16.71320241000861,5.015798641482701,12965995.530690867,30.016916361976897,12.580053458670426,0.0,0.0,0.0,0.0,0.0,0.0,0.0,47.205283233513654,18.12552248744388,24.794530010557143,0.0,17.201002431486554,20.702225929867296,0.0,0.0,0.0,0.0,0.0,0.0,0.0,0.0,12.841643245852019,6.4208216229260096,0.0,13.971409182367815,13.971409182367815,36.148454246686754,23.720991550922037,0.0,38.34001374191151,17.507355870220174,0.0,-2.1118188855886944,-4.221864506384813,3.5225569882466115,3.492765240673166,2.0,3.0,0.0,3.0,3.0,-3.327499999999995,3.0,0.0,0.0,0.0,0.0,4.0
122,Actinobacillus pleuropneumoniae,chem_synthesis_reduction_by_D_maltose,Gentamicin,28.0,spherical,MIC,50.0,0.25,8.0,Bacteria,Pseudomonadota,Gammaproteobacteria,Pasteurellales,Pasteurellaceae,Actinobacillus,Actinobacillus pleuropneumoniae,n,36.0,37,2,lungs,Aminoglycoside ,11.129477946271102,477.60300000000035,16.71320241000861,5.015798641482701,12965995.530690867,30.016916361976897,12.580053458670426,0.0,0.0,0.0,0.0,0.0,0.0,0.0,47.205283233513654,18.12552248744388,24.794530010557143,0.0,17.201002431486554,20.702225929867296,0.0,0.0,0.0,0.0,0.0,0.0,0.0,0.0,12.841643245852019,6.4208216229260096,0.0,13.971409182367815,13.971409182367815,36.148454246686754,23.720991550922037,0.0,38.34001374191151,17.507355870220174,0.0,-2.1118188855886944,-4.221864506384813,3.5225569882466115,3.492765240673166,2.0,3.0,0.0,3.0,3.0,-3.327499999999995,3.0,0.0,0.0,0.0,0.0,4.0
123,Pasteurella Multocida,chem_synthesis_reduction_by_D_maltose,Gentamicin,28.0,spherical,MIC,50.0,2.0,8.0,Bacteria,Pseudomonadota,Gammaproteobacteria,Pasteurellales,Pasteurellaceae,Pasteurella,Pasteurella Multocida,n,18.0,37,2,lungs,Aminoglycoside ,11.129477946271102,477.60300000000035,16.71320241000861,5.015798641482701,12965995.530690867,30.016916361976897,12.580053458670426,0.0,0.0,0.0,0.0,0.0,0.0,0.0,47.205283233513654,18.12552248744388,24.794530010557143,0.0,17.201002431486554,20.702225929867296,0.0,0.0,0.0,0.0,0.0,0.0,0.0,0.0,12.841643245852019,6.4208216229260096,0.0,13.971409182367815,13.971409182367815,36.148454246686754,23.720991550922037,0.0,38.34001374191151,17.507355870220174,0.0,-2.1118188855886944,-4.221864506384813,3.5225569882466115,3.492765240673166,2.0,3.0,0.0,3.0,3.0,-3.327499999999995,3.0,0.0,0.0,0.0,0.0,4.0
124,Salmonella enterica,chem_synthesis_reduction_by_D_maltose,Colistin,8.0,spherical,MIC,12.5,2.0,4.0,Bacteria,Pseudomonadota,Gammaproteobacteria,Enterobacterales,Enterobacteriaceae,Salmonella,Salmonella enterica,n,42.0,37,2,food,Carboxylic acids and derivatives,14.426914545168522,2296.970999999999,16.283042305660096,6.012270527689828,7.557731729916325e+49,96.66945326636734,0.0,118.14359458703017,0.0,0.0,0.0,0.0,0.0,115.18895451091751,244.22473834752486,39.020668869502316,48.58322886758505,118.14359458703017,92.84411104859021,91.62658968277606,0.0,0.0,0.0,0.0,35.507436276968356,0.0,0.0,0.0,24.677455338174806,32.10410811463005,27.694948798762496,55.38989759752498,0.0,57.33667477162185,0.0,0.0,101.67125808121989,58.71244627180926,-15.154387122026165,-25.956954009653217,-0.15502884178135723,26.273201401775296,0.0,2.0,2.0,0.0,2.0,2.0,-10.32609999999995,4.0,0.0,0.0,0.0,0.0,0.0
125,Escherichia coli,chem_synthesis_reduction_by_D_maltose,Colistin,8.0,spherical,MIC,6.3,2.0,8.0,Bacteria,Pseudomonadota,Gammaproteobacteria,Enterobacterales,Enterobacteriaceae,Escherichia,Escherichia coli,n,84.0,37,2,urine,Carboxylic acids and derivatives,14.426914545168522,2296.970999999999,16.283042305660096,6.012270527689828,7.557731729916325e+49,96.66945326636734,0.0,118.14359458703017,0.0,0.0,0.0,0.0,0.0,115.18895451091751,244.22473834752486,39.020668869502316,48.58322886758505,118.14359458703017,92.84411104859021,91.62658968277606,0.0,0.0,0.0,0.0,35.507436276968356,0.0,0.0,0.0,24.677455338174806,32.10410811463005,27.694948798762496,55.38989759752498,0.0,57.33667477162185,0.0,0.0,101.67125808121989,58.71244627180926,-15.154387122026165,-25.956954009653217,-0.15502884178135723,26.273201401775296,0.0,2.0,2.0,0.0,2.0,2.0,-10.32609999999995,4.0,0.0,0.0,0.0,0.0,0.0
126,Actinobacillus pleuropneumoniae,chem_synthesis_reduction_by_D_maltose,Colistin,8.0,spherical,MIC,25.0,8.0,8.0,Bacteria,Pseudomonadota,Gammaproteobacteria,Pasteurellales,Pasteurellaceae,Actinobacillus,Actinobacillus pleuropneumoniae,n,36.0,37,2,lungs,Carboxylic acids and derivatives,14.426914545168522,2296.970999999999,16.283042305660096,6.012270527689828,7.557731729916325e+49,96.66945326636734,0.0,118.14359458703017,0.0,0.0,0.0,0.0,0.0,115.18895451091751,244.22473834752486,39.020668869502316,48.58322886758505,118.14359458703017,92.84411104859021,91.62658968277606,0.0,0.0,0.0,0.0,35.507436276968356,0.0,0.0,0.0,24.677455338174806,32.10410811463005,27.694948798762496,55.38989759752498,0.0,57.33667477162185,0.0,0.0,101.67125808121989,58.71244627180926,-15.154387122026165,-25.956954009653217,-0.15502884178135723,26.273201401775296,0.0,2.0,2.0,0.0,2.0,2.0,-10.32609999999995,4.0,0.0,0.0,0.0,0.0,0.0
127,Pasteurella Multocida,chem_synthesis_reduction_by_D_maltose,Colistin,8.0,spherical,MIC,100.0,1.0,8.0,Bacteria,Pseudomonadota,Gammaproteobacteria,Pasteurellales,Pasteurellaceae,Pasteurella,Pasteurella Multocida,n,18.0,37,2,lungs,Carboxylic acids and derivatives,14.426914545168522,2296.970999999999,16.283042305660096,6.012270527689828,7.557731729916325e+49,96.66945326636734,0.0,118.14359458703017,0.0,0.0,0.0,0.0,0.0,115.18895451091751,244.22473834752486,39.020668869502316,48.58322886758505,118.14359458703017,92.84411104859021,91.62658968277606,0.0,0.0,0.0,0.0,35.507436276968356,0.0,0.0,0.0,24.677455338174806,32.10410811463005,27.694948798762496,55.38989759752498,0.0,57.33667477162185,0.0,0.0,101.67125808121989,58.71244627180926,-15.154387122026165,-25.956954009653217,-0.15502884178135723,26.273201401775296,0.0,2.0,2.0,0.0,2.0,2.0,-10.32609999999995,4.0,0.0,0.0,0.0,0.0,0.0
128,Salmonella enterica,chem_synthesis_reduction_by_D_maltose,Colistin,28.0,spherical,MIC,25.0,2.0,4.0,Bacteria,Pseudomonadota,Gammaproteobacteria,Enterobacterales,Enterobacteriaceae,Salmonella,Salmonella enterica,n,42.0,37,2,food,Carboxylic acids and derivatives,14.426914545168522,2296.970999999999,16.283042305660096,6.012270527689828,7.557731729916325e+49,96.66945326636734,0.0,118.14359458703017,0.0,0.0,0.0,0.0,0.0,115.18895451091751,244.22473834752486,39.020668869502316,48.58322886758505,118.14359458703017,92.84411104859021,91.62658968277606,0.0,0.0,0.0,0.0,35.507436276968356,0.0,0.0,0.0,24.677455338174806,32.10410811463005,27.694948798762496,55.38989759752498,0.0,57.33667477162185,0.0,0.0,101.67125808121989,58.71244627180926,-15.154387122026165,-25.956954009653217,-0.15502884178135723,26.273201401775296,0.0,2.0,2.0,0.0,2.0,2.0,-10.32609999999995,4.0,0.0,0.0,0.0,0.0,0.0
129,Escherichia coli,chem_synthesis_reduction_by_D_maltose,Colistin,28.0,spherical,MIC,25.0,2.0,8.0,Bacteria,Pseudomonadota,Gammaproteobacteria,Enterobacterales,Enterobacteriaceae,Escherichia,Escherichia coli,n,84.0,37,2,urine,Carboxylic acids and derivatives,14.426914545168522,2296.970999999999,16.283042305660096,6.012270527689828,7.557731729916325e+49,96.66945326636734,0.0,118.14359458703017,0.0,0.0,0.0,0.0,0.0,115.18895451091751,244.22473834752486,39.020668869502316,48.58322886758505,118.14359458703017,92.84411104859021,91.62658968277606,0.0,0.0,0.0,0.0,35.507436276968356,0.0,0.0,0.0,24.677455338174806,32.10410811463005,27.694948798762496,55.38989759752498,0.0,57.33667477162185,0.0,0.0,101.67125808121989,58.71244627180926,-15.154387122026165,-25.956954009653217,-0.15502884178135723,26.273201401775296,0.0,2.0,2.0,0.0,2.0,2.0,-10.32609999999995,4.0,0.0,0.0,0.0,0.0,0.0
130,Actinobacillus pleuropneumoniae,chem_synthesis_reduction_by_D_maltose,Colistin,28.0,spherical,MIC,50.0,2.0,8.0,Bacteria,Pseudomonadota,Gammaproteobacteria,Pasteurellales,Pasteurellaceae,Actinobacillus,Actinobacillus pleuropneumoniae,n,36.0,37,2,lungs,Carboxylic acids and derivatives,14.426914545168522,2296.970999999999,16.283042305660096,6.012270527689828,7.557731729916325e+49,96.66945326636734,0.0,118.14359458703017,0.0,0.0,0.0,0.0,0.0,115.18895451091751,244.22473834752486,39.020668869502316,48.58322886758505,118.14359458703017,92.84411104859021,91.62658968277606,0.0,0.0,0.0,0.0,35.507436276968356,0.0,0.0,0.0,24.677455338174806,32.10410811463005,27.694948798762496,55.38989759752498,0.0,57.33667477162185,0.0,0.0,101.67125808121989,58.71244627180926,-15.154387122026165,-25.956954009653217,-0.15502884178135723,26.273201401775296,0.0,2.0,2.0,0.0,2.0,2.0,-10.32609999999995,4.0,0.0,0.0,0.0,0.0,0.0
131,Pasteurella Multocida,chem_synthesis_reduction_by_D_maltose,Colistin,28.0,spherical,MIC,50.0,1.0,8.0,Bacteria,Pseudomonadota,Gammaproteobacteria,Pasteurellales,Pasteurellaceae,Pasteurella,Pasteurella Multocida,n,18.0,37,2,lungs,Carboxylic acids and derivatives,14.426914545168522,2296.970999999999,16.283042305660096,6.012270527689828,7.557731729916325e+49,96.66945326636734,0.0,118.14359458703017,0.0,0.0,0.0,0.0,0.0,115.18895451091751,244.22473834752486,39.020668869502316,48.58322886758505,118.14359458703017,92.84411104859021,91.62658968277606,0.0,0.0,0.0,0.0,35.507436276968356,0.0,0.0,0.0,24.677455338174806,32.10410811463005,27.694948798762496,55.38989759752498,0.0,57.33667477162185,0.0,0.0,101.67125808121989,58.71244627180926,-15.154387122026165,-25.956954009653217,-0.15502884178135723,26.273201401775296,0.0,2.0,2.0,0.0,2.0,2.0,-10.32609999999995,4.0,0.0,0.0,0.0,0.0,0.0
633,Escherichia coli,green_synthesis using extract of Acinetobacter baumannii,Imipenem,4.7,spherical,MIC,64.0,4.0,8.0,Bacteria,Pseudomonadota,Gammaproteobacteria,Enterobacterales,Enterobacteriaceae,Escherichia,Escherichia coli,n,84.0,37,2,urine,Lactams,11.938415027282723,299.35200000000003,32.166556857764256,8.02677725587747,26780.702272126447,5.697039313055833,0.0,5.907179729351506,0.0,5.969305287951849,4.794537184071822,0.0,11.761884949391115,0.0,6.923737199690624,23.62356814947542,24.402248625579542,29.976905329216354,5.917906046161393,12.297610012659364,10.60217582694588,0.0,0.0,11.761884949391115,11.327189651952915,0.0,0.0,0.0,23.62356814947542,6.338535362521884,16.66179468024159,6.923737199690624,0.0,5.409283605791522,0.0,1.381147959183673,28.424071683604062,0.05254913076341672,-1.291253044427648,-0.22981775426219886,0.8081633269061113,2.1135877267573697,0.0,2.0,2.0,0.0,1.0,2.0,-0.17602999999999924,1.0,0.0,1.0,0.0,1.0,0.0
634,Escherichia coli,green_synthesis using extract of Acinetobacter baumannii,Ceftriaxone,4.7,spherical,MIC,64.0,16.0,1024.0,Bacteria,Pseudomonadota,Gammaproteobacteria,Enterobacterales,Enterobacteriaceae,Escherichia,Escherichia coli,n,84.0,37,2,urine,Lactams,12.916804915913412,554.592,32.16802575616794,8.005513176288462,86964842.00764643,29.91647849129853,15.999679964430742,0.0,17.694347795138384,11.528572183003856,14.460318640164214,4.9839785209472085,28.197352635626892,16.917597676141654,5.573104530069267,23.933441966636682,0.0,63.48746400598187,12.20338470942773,24.3491722319333,32.69793868756331,5.879988336435371,5.131558479839333,34.860555776716964,0.0,0.0,0.0,0.0,5.573104530069267,27.99858055817633,35.98122017895694,0.0,0.0,10.571256060898818,1.1911059923735094,3.4097930208811835,30.32908056195552,4.9368402497316435,-3.0399098626612933,-0.9927050581226264,0.0,0.0,2.7234967968158625,2.0,2.0,2.0,1.0,4.0,-1.198999999999999,0.0,4.0,6.0,0.0,1.0,0.0
635,Escherichia coli,green_synthesis using extract of Acinetobacter baumannii,Cefepime,4.7,spherical,MIC,64.0,16.0,1024.0,Bacteria,Pseudomonadota,Gammaproteobacteria,Enterobacterales,Enterobacteriaceae,Escherichia,Escherichia coli,n,84.0,37,2,urine,Lactams,12.892832971151424,480.5720000000003,32.166680814065636,7.998385404310181,15128126.132967474,30.76419558415527,10.843243482610035,0.0,11.814359458703011,0.0,4.9839785209472085,0.0,23.098670827325854,5.15571272675054,0.0,29.54766415313399,31.803529395510026,51.72557905659075,5.15571272675054,45.278259825601424,22.34413460843948,0.0,5.131558479839333,23.098670827325854,0.0,0.0,0.0,0.0,17.87071454272863,41.75097279330653,23.77159222151913,5.380062770465915,0.0,10.571256060898818,0.7570922977437992,2.570578125051915,19.60300623198222,6.386774391752418,-2.0602504911514634,-0.8907445725203658,2.2082349821408855,2.5280981465334262,3.3933959160733775,3.0,3.0,1.0,2.0,4.0,-1.2798999999999958,0.0,1.0,4.0,0.0,1.0,0.0
636,Escherichia coli,green_synthesis using extract of Acinetobacter baumannii,Ceftazidime,4.7,spherical,MIC,64.0,32.0,1024.0,Bacteria,Pseudomonadota,Gammaproteobacteria,Enterobacterales,Enterobacteriaceae,Escherichia,Escherichia coli,n,84.0,37,2,urine,Lactams,13.114328090055071,546.5870000000002,32.166681198615066,7.9983639133930895,130887863.90568937,17.10964163696516,29.78168703174876,5.601050810983688,11.814359458703011,5.969305287951849,14.345615352810384,0.0,23.098670827325854,11.22207979521215,13.847474399381248,28.838755044205193,11.666344601007683,57.6948843445426,5.15571272675054,11.486521083908974,52.93692295705045,0.0,5.131558479839333,23.098670827325854,0.0,0.0,0.0,0.0,11.325958136816055,16.236695608785215,30.98942211923828,29.093520927940727,6.06636706846161,10.571256060898818,1.7813433512507009,2.3200451049992044,28.365058705864,3.830931505999705,-4.0068662117945095,4.364278804086379,3.550427347358645,2.7432530473176975,0.0,2.0,2.0,2.0,1.0,4.0,-1.2991999999999946,0.0,2.0,4.0,0.0,1.0,0.0
643,Klebsiella sp.,green_synthesis using extract of Acinetobacter baumannii,Imipenem,4.7,spherical,MIC,64.0,4.0,16.0,Bacteria,Pseudomonadota,Gammaproteobacteria,Enterobacterales,Enterobacteriaceae,Klebsiella,Klebsiella sp.,n,48.0,37,2,respiratory tract,Lactams,11.938415027282723,299.35200000000003,32.166556857764256,8.02677725587747,26780.702272126447,5.697039313055833,0.0,5.907179729351506,0.0,5.969305287951849,4.794537184071822,0.0,11.761884949391115,0.0,6.923737199690624,23.62356814947542,24.402248625579542,29.976905329216354,5.917906046161393,12.297610012659364,10.60217582694588,0.0,0.0,11.761884949391115,11.327189651952915,0.0,0.0,0.0,23.62356814947542,6.338535362521884,16.66179468024159,6.923737199690624,0.0,5.409283605791522,0.0,1.381147959183673,28.424071683604062,0.05254913076341672,-1.291253044427648,-0.22981775426219886,0.8081633269061113,2.1135877267573697,0.0,2.0,2.0,0.0,1.0,2.0,-0.17602999999999924,1.0,0.0,1.0,0.0,1.0,0.0
644,Klebsiella sp.,green_synthesis using extract of Acinetobacter baumannii,Ceftriaxone,4.7,spherical,MIC,64.0,8.0,1024.0,Bacteria,Pseudomonadota,Gammaproteobacteria,Enterobacterales,Enterobacteriaceae,Klebsiella,Klebsiella sp.,n,48.0,37,2,respiratory tract,Lactams,12.916804915913412,554.592,32.16802575616794,8.005513176288462,86964842.00764643,29.91647849129853,15.999679964430742,0.0,17.694347795138384,11.528572183003856,14.460318640164214,4.9839785209472085,28.197352635626892,16.917597676141654,5.573104530069267,23.933441966636682,0.0,63.48746400598187,12.20338470942773,24.3491722319333,32.69793868756331,5.879988336435371,5.131558479839333,34.860555776716964,0.0,0.0,0.0,0.0,5.573104530069267,27.99858055817633,35.98122017895694,0.0,0.0,10.571256060898818,1.1911059923735094,3.4097930208811835,30.32908056195552,4.9368402497316435,-3.0399098626612933,-0.9927050581226264,0.0,0.0,2.7234967968158625,2.0,2.0,2.0,1.0,4.0,-1.198999999999999,0.0,4.0,6.0,0.0,1.0,0.0
645,Klebsiella sp.,green_synthesis using extract of Acinetobacter baumannii,Cefepime,4.7,spherical,MIC,64.0,16.0,64.0,Bacteria,Pseudomonadota,Gammaproteobacteria,Enterobacterales,Enterobacteriaceae,Klebsiella,Klebsiella sp.,n,48.0,37,2,respiratory tract,Lactams,12.892832971151424,480.5720000000003,32.166680814065636,7.998385404310181,15128126.132967474,30.76419558415527,10.843243482610035,0.0,11.814359458703011,0.0,4.9839785209472085,0.0,23.098670827325854,5.15571272675054,0.0,29.54766415313399,31.803529395510026,51.72557905659075,5.15571272675054,45.278259825601424,22.34413460843948,0.0,5.131558479839333,23.098670827325854,0.0,0.0,0.0,0.0,17.87071454272863,41.75097279330653,23.77159222151913,5.380062770465915,0.0,10.571256060898818,0.7570922977437992,2.570578125051915,19.60300623198222,6.386774391752418,-2.0602504911514634,-0.8907445725203658,2.2082349821408855,2.5280981465334262,3.3933959160733775,3.0,3.0,1.0,2.0,4.0,-1.2798999999999958,0.0,1.0,4.0,0.0,1.0,0.0
646,Klebsiella sp.,green_synthesis using extract of Acinetobacter baumannii,Ceftazidime,4.7,spherical,MIC,64.0,8.0,64.0,Bacteria,Pseudomonadota,Gammaproteobacteria,Enterobacterales,Enterobacteriaceae,Klebsiella,Klebsiella sp.,n,48.0,37,2,respiratory tract,Lactams,13.114328090055071,546.5870000000002,32.166681198615066,7.9983639133930895,130887863.90568937,17.10964163696516,29.78168703174876,5.601050810983688,11.814359458703011,5.969305287951849,14.345615352810384,0.0,23.098670827325854,11.22207979521215,13.847474399381248,28.838755044205193,11.666344601007683,57.6948843445426,5.15571272675054,11.486521083908974,52.93692295705045,0.0,5.131558479839333,23.098670827325854,0.0,0.0,0.0,0.0,11.325958136816055,16.236695608785215,30.98942211923828,29.093520927940727,6.06636706846161,10.571256060898818,1.7813433512507009,2.3200451049992044,28.365058705864,3.830931505999705,-4.0068662117945095,4.364278804086379,3.550427347358645,2.7432530473176975,0.0,2.0,2.0,2.0,1.0,4.0,-1.2991999999999946,0.0,2.0,4.0,0.0,1.0,0.0
653,Pseudomonas aeruginosa,green_synthesis using extract of Acinetobacter baumannii,Imipenem,4.7,spherical,MIC,64.0,4.0,8.0,Bacteria,Pseudomonadota,Gammaproteobacteria,Pseudomonadales,Pseudomonadaceae,Pseudomonas,Pseudomonas aeruginosa group,n,48.0,37,2,soil,Lactams,11.938415027282723,299.35200000000003,32.166556857764256,8.02677725587747,26780.702272126447,5.697039313055833,0.0,5.907179729351506,0.0,5.969305287951849,4.794537184071822,0.0,11.761884949391115,0.0,6.923737199690624,23.62356814947542,24.402248625579542,29.976905329216354,5.917906046161393,12.297610012659364,10.60217582694588,0.0,0.0,11.761884949391115,11.327189651952915,0.0,0.0,0.0,23.62356814947542,6.338535362521884,16.66179468024159,6.923737199690624,0.0,5.409283605791522,0.0,1.381147959183673,28.424071683604062,0.05254913076341672,-1.291253044427648,-0.22981775426219886,0.8081633269061113,2.1135877267573697,0.0,2.0,2.0,0.0,1.0,2.0,-0.17602999999999924,1.0,0.0,1.0,0.0,1.0,0.0
654,Pseudomonas aeruginosa,green_synthesis using extract of Acinetobacter baumannii,Ceftriaxone,4.7,spherical,MIC,64.0,16.0,1024.0,Bacteria,Pseudomonadota,Gammaproteobacteria,Pseudomonadales,Pseudomonadaceae,Pseudomonas,Pseudomonas aeruginosa group,n,48.0,37,2,soil,Lactams,12.916804915913412,554.592,32.16802575616794,8.005513176288462,86964842.00764643,29.91647849129853,15.999679964430742,0.0,17.694347795138384,11.528572183003856,14.460318640164214,4.9839785209472085,28.197352635626892,16.917597676141654,5.573104530069267,23.933441966636682,0.0,63.48746400598187,12.20338470942773,24.3491722319333,32.69793868756331,5.879988336435371,5.131558479839333,34.860555776716964,0.0,0.0,0.0,0.0,5.573104530069267,27.99858055817633,35.98122017895694,0.0,0.0,10.571256060898818,1.1911059923735094,3.4097930208811835,30.32908056195552,4.9368402497316435,-3.0399098626612933,-0.9927050581226264,0.0,0.0,2.7234967968158625,2.0,2.0,2.0,1.0,4.0,-1.198999999999999,0.0,4.0,6.0,0.0,1.0,0.0
655,Pseudomonas aeruginosa,green_synthesis using extract of Acinetobacter baumannii,Cefepime,4.7,spherical,MIC,64.0,8.0,32.0,Bacteria,Pseudomonadota,Gammaproteobacteria,Pseudomonadales,Pseudomonadaceae,Pseudomonas,Pseudomonas aeruginosa group,n,48.0,37,2,soil,Lactams,12.892832971151424,480.5720000000003,32.166680814065636,7.998385404310181,15128126.132967474,30.76419558415527,10.843243482610035,0.0,11.814359458703011,0.0,4.9839785209472085,0.0,23.098670827325854,5.15571272675054,0.0,29.54766415313399,31.803529395510026,51.72557905659075,5.15571272675054,45.278259825601424,22.34413460843948,0.0,5.131558479839333,23.098670827325854,0.0,0.0,0.0,0.0,17.87071454272863,41.75097279330653,23.77159222151913,5.380062770465915,0.0,10.571256060898818,0.7570922977437992,2.570578125051915,19.60300623198222,6.386774391752418,-2.0602504911514634,-0.8907445725203658,2.2082349821408855,2.5280981465334262,3.3933959160733775,3.0,3.0,1.0,2.0,4.0,-1.2798999999999958,0.0,1.0,4.0,0.0,1.0,0.0
656,Pseudomonas aeruginosa,green_synthesis using extract of Acinetobacter baumannii,Ceftazidime,4.7,spherical,MIC,64.0,16.0,64.0,Bacteria,Pseudomonadota,Gammaproteobacteria,Pseudomonadales,Pseudomonadaceae,Pseudomonas,Pseudomonas aeruginosa group,n,48.0,37,2,soil,Lactams,13.114328090055071,546.5870000000002,32.166681198615066,7.9983639133930895,130887863.90568937,17.10964163696516,29.78168703174876,5.601050810983688,11.814359458703011,5.969305287951849,14.345615352810384,0.0,23.098670827325854,11.22207979521215,13.847474399381248,28.838755044205193,11.666344601007683,57.6948843445426,5.15571272675054,11.486521083908974,52.93692295705045,0.0,5.131558479839333,23.098670827325854,0.0,0.0,0.0,0.0,11.325958136816055,16.236695608785215,30.98942211923828,29.093520927940727,6.06636706846161,10.571256060898818,1.7813433512507009,2.3200451049992044,28.365058705864,3.830931505999705,-4.0068662117945095,4.364278804086379,3.550427347358645,2.7432530473176975,0.0,2.0,2.0,2.0,1.0,4.0,-1.2991999999999946,0.0,2.0,4.0,0.0,1.0,0.0
663,Acinetobacter baumannii,green_synthesis using extract of Acinetobacter baumannii,Imipenem,4.7,spherical,MIC,8.0,2.0,8.0,Bacteria,Pseudomonadota,Gammaproteobacteria,Moraxellales,Moraxellaceae,Acinetobacter,Acinetobacter calcoaceticus/baumannii complex,n,36.0,37,2,urine,Lactams,11.938415027282723,299.35200000000003,32.166556857764256,8.02677725587747,26780.702272126447,5.697039313055833,0.0,5.907179729351506,0.0,5.969305287951849,4.794537184071822,0.0,11.761884949391115,0.0,6.923737199690624,23.62356814947542,24.402248625579542,29.976905329216354,5.917906046161393,12.297610012659364,10.60217582694588,0.0,0.0,11.761884949391115,11.327189651952915,0.0,0.0,0.0,23.62356814947542,6.338535362521884,16.66179468024159,6.923737199690624,0.0,5.409283605791522,0.0,1.381147959183673,28.424071683604062,0.05254913076341672,-1.291253044427648,-0.22981775426219886,0.8081633269061113,2.1135877267573697,0.0,2.0,2.0,0.0,1.0,2.0,-0.17602999999999924,1.0,0.0,1.0,0.0,1.0,0.0
664,Acinetobacter baumannii,green_synthesis using extract of Acinetobacter baumannii,Ceftriaxone,4.7,spherical,MIC,8.0,4.0,1024.0,Bacteria,Pseudomonadota,Gammaproteobacteria,Moraxellales,Moraxellaceae,Acinetobacter,Acinetobacter calcoaceticus/baumannii complex,n,36.0,37,2,urine,Lactams,12.916804915913412,554.592,32.16802575616794,8.005513176288462,86964842.00764643,29.91647849129853,15.999679964430742,0.0,17.694347795138384,11.528572183003856,14.460318640164214,4.9839785209472085,28.197352635626892,16.917597676141654,5.573104530069267,23.933441966636682,0.0,63.48746400598187,12.20338470942773,24.3491722319333,32.69793868756331,5.879988336435371,5.131558479839333,34.860555776716964,0.0,0.0,0.0,0.0,5.573104530069267,27.99858055817633,35.98122017895694,0.0,0.0,10.571256060898818,1.1911059923735094,3.4097930208811835,30.32908056195552,4.9368402497316435,-3.0399098626612933,-0.9927050581226264,0.0,0.0,2.7234967968158625,2.0,2.0,2.0,1.0,4.0,-1.198999999999999,0.0,4.0,6.0,0.0,1.0,0.0
665,Acinetobacter baumannii,green_synthesis using extract of Acinetobacter baumannii,Cefepime,4.7,spherical,MIC,8.0,2.0,32.0,Bacteria,Pseudomonadota,Gammaproteobacteria,Moraxellales,Moraxellaceae,Acinetobacter,Acinetobacter calcoaceticus/baumannii complex,n,36.0,37,2,urine,Lactams,12.892832971151424,480.5720000000003,32.166680814065636,7.998385404310181,15128126.132967474,30.76419558415527,10.843243482610035,0.0,11.814359458703011,0.0,4.9839785209472085,0.0,23.098670827325854,5.15571272675054,0.0,29.54766415313399,31.803529395510026,51.72557905659075,5.15571272675054,45.278259825601424,22.34413460843948,0.0,5.131558479839333,23.098670827325854,0.0,0.0,0.0,0.0,17.87071454272863,41.75097279330653,23.77159222151913,5.380062770465915,0.0,10.571256060898818,0.7570922977437992,2.570578125051915,19.60300623198222,6.386774391752418,-2.0602504911514634,-0.8907445725203658,2.2082349821408855,2.5280981465334262,3.3933959160733775,3.0,3.0,1.0,2.0,4.0,-1.2798999999999958,0.0,1.0,4.0,0.0,1.0,0.0
666,Acinetobacter baumannii,green_synthesis using extract of Acinetobacter baumannii,Ceftazidime,4.7,spherical,MIC,8.0,2.0,64.0,Bacteria,Pseudomonadota,Gammaproteobacteria,Moraxellales,Moraxellaceae,Acinetobacter,Acinetobacter calcoaceticus/baumannii complex,n,36.0,37,2,urine,Lactams,13.114328090055071,546.5870000000002,32.166681198615066,7.9983639133930895,130887863.90568937,17.10964163696516,29.78168703174876,5.601050810983688,11.814359458703011,5.969305287951849,14.345615352810384,0.0,23.098670827325854,11.22207979521215,13.847474399381248,28.838755044205193,11.666344601007683,57.6948843445426,5.15571272675054,11.486521083908974,52.93692295705045,0.0,5.131558479839333,23.098670827325854,0.0,0.0,0.0,0.0,11.325958136816055,16.236695608785215,30.98942211923828,29.093520927940727,6.06636706846161,10.571256060898818,1.7813433512507009,2.3200451049992044,28.365058705864,3.830931505999705,-4.0068662117945095,4.364278804086379,3.550427347358645,2.7432530473176975,0.0,2.0,2.0,2.0,1.0,4.0,-1.2991999999999946,0.0,2.0,4.0,0.0,1.0,0.0
673,Proteus sp.,green_synthesis using extract of Acinetobacter baumannii,Imipenem,4.7,spherical,MIC,32.0,4.0,16.0,Bacteria,Pseudomonadota,Gammaproteobacteria,Enterobacterales,Morganellaceae,Proteus,Proteus sp.,n,48.0,37,2,soil,Lactams,11.938415027282723,299.35200000000003,32.166556857764256,8.02677725587747,26780.702272126447,5.697039313055833,0.0,5.907179729351506,0.0,5.969305287951849,4.794537184071822,0.0,11.761884949391115,0.0,6.923737199690624,23.62356814947542,24.402248625579542,29.976905329216354,5.917906046161393,12.297610012659364,10.60217582694588,0.0,0.0,11.761884949391115,11.327189651952915,0.0,0.0,0.0,23.62356814947542,6.338535362521884,16.66179468024159,6.923737199690624,0.0,5.409283605791522,0.0,1.381147959183673,28.424071683604062,0.05254913076341672,-1.291253044427648,-0.22981775426219886,0.8081633269061113,2.1135877267573697,0.0,2.0,2.0,0.0,1.0,2.0,-0.17602999999999924,1.0,0.0,1.0,0.0,1.0,0.0
674,Proteus sp.,green_synthesis using extract of Acinetobacter baumannii,Ceftriaxone,4.7,spherical,MIC,32.0,16.0,1024.0,Bacteria,Pseudomonadota,Gammaproteobacteria,Enterobacterales,Morganellaceae,Proteus,Proteus sp.,n,48.0,37,2,soil,Lactams,12.916804915913412,554.592,32.16802575616794,8.005513176288462,86964842.00764643,29.91647849129853,15.999679964430742,0.0,17.694347795138384,11.528572183003856,14.460318640164214,4.9839785209472085,28.197352635626892,16.917597676141654,5.573104530069267,23.933441966636682,0.0,63.48746400598187,12.20338470942773,24.3491722319333,32.69793868756331,5.879988336435371,5.131558479839333,34.860555776716964,0.0,0.0,0.0,0.0,5.573104530069267,27.99858055817633,35.98122017895694,0.0,0.0,10.571256060898818,1.1911059923735094,3.4097930208811835,30.32908056195552,4.9368402497316435,-3.0399098626612933,-0.9927050581226264,0.0,0.0,2.7234967968158625,2.0,2.0,2.0,1.0,4.0,-1.198999999999999,0.0,4.0,6.0,0.0,1.0,0.0
675,Proteus sp.,green_synthesis using extract of Acinetobacter baumannii,Cefepime,4.7,spherical,MIC,32.0,8.0,64.0,Bacteria,Pseudomonadota,Gammaproteobacteria,Enterobacterales,Morganellaceae,Proteus,Proteus sp.,n,48.0,37,2,soil,Lactams,12.892832971151424,480.5720000000003,32.166680814065636,7.998385404310181,15128126.132967474,30.76419558415527,10.843243482610035,0.0,11.814359458703011,0.0,4.9839785209472085,0.0,23.098670827325854,5.15571272675054,0.0,29.54766415313399,31.803529395510026,51.72557905659075,5.15571272675054,45.278259825601424,22.34413460843948,0.0,5.131558479839333,23.098670827325854,0.0,0.0,0.0,0.0,17.87071454272863,41.75097279330653,23.77159222151913,5.380062770465915,0.0,10.571256060898818,0.7570922977437992,2.570578125051915,19.60300623198222,6.386774391752418,-2.0602504911514634,-0.8907445725203658,2.2082349821408855,2.5280981465334262,3.3933959160733775,3.0,3.0,1.0,2.0,4.0,-1.2798999999999958,0.0,1.0,4.0,0.0,1.0,0.0
676,Proteus sp.,green_synthesis using extract of Acinetobacter baumannii,Ceftazidime,4.7,spherical,MIC,32.0,8.0,32.0,Bacteria,Pseudomonadota,Gammaproteobacteria,Enterobacterales,Morganellaceae,Proteus,Proteus sp.,n,48.0,37,2,soil,Lactams,13.114328090055071,546.5870000000002,32.166681198615066,7.9983639133930895,130887863.90568937,17.10964163696516,29.78168703174876,5.601050810983688,11.814359458703011,5.969305287951849,14.345615352810384,0.0,23.098670827325854,11.22207979521215,13.847474399381248,28.838755044205193,11.666344601007683,57.6948843445426,5.15571272675054,11.486521083908974,52.93692295705045,0.0,5.131558479839333,23.098670827325854,0.0,0.0,0.0,0.0,11.325958136816055,16.236695608785215,30.98942211923828,29.093520927940727,6.06636706846161,10.571256060898818,1.7813433512507009,2.3200451049992044,28.365058705864,3.830931505999705,-4.0068662117945095,4.364278804086379,3.550427347358645,2.7432530473176975,0.0,2.0,2.0,2.0,1.0,4.0,-1.2991999999999946,0.0,2.0,4.0,0.0,1.0,0.0
691,Staphylococcus epidermidis,chem_synthesis by silver nitrate,Gentamicin,30.0,spherical,MIC,,31.25,500.0,Bacteria,Bacillota,Bacilli,Bacillales,Staphylococcaceae,Staphylococcus,Staphylococcus epidermidis,p,18.0,37,1,skin,Aminoglycoside ,11.129477946271102,477.60300000000035,16.71320241000861,5.015798641482701,12965995.530690867,30.016916361976897,12.580053458670426,0.0,0.0,0.0,0.0,0.0,0.0,0.0,47.205283233513654,18.12552248744388,24.794530010557143,0.0,17.201002431486554,20.702225929867296,0.0,0.0,0.0,0.0,0.0,0.0,0.0,0.0,12.841643245852019,6.4208216229260096,0.0,13.971409182367815,13.971409182367815,36.148454246686754,23.720991550922037,0.0,38.34001374191151,17.507355870220174,0.0,-2.1118188855886944,-4.221864506384813,3.5225569882466115,3.492765240673166,2.0,3.0,0.0,3.0,3.0,-3.327499999999995,3.0,0.0,0.0,0.0,0.0,4.0
692,Staphylococcus epidermidis,chem_synthesis by silver nitrate,Gentamicin,30.0,spherical,MIC,,31.25,500.0,Bacteria,Bacillota,Bacilli,Bacillales,Staphylococcaceae,Staphylococcus,Staphylococcus epidermidis,p,18.0,37,1,skin,Aminoglycoside ,11.129477946271102,477.60300000000035,16.71320241000861,5.015798641482701,12965995.530690867,30.016916361976897,12.580053458670426,0.0,0.0,0.0,0.0,0.0,0.0,0.0,47.205283233513654,18.12552248744388,24.794530010557143,0.0,17.201002431486554,20.702225929867296,0.0,0.0,0.0,0.0,0.0,0.0,0.0,0.0,12.841643245852019,6.4208216229260096,0.0,13.971409182367815,13.971409182367815,36.148454246686754,23.720991550922037,0.0,38.34001374191151,17.507355870220174,0.0,-2.1118188855886944,-4.221864506384813,3.5225569882466115,3.492765240673166,2.0,3.0,0.0,3.0,3.0,-3.327499999999995,3.0,0.0,0.0,0.0,0.0,4.0
693,Staphylococcus epidermidis,chem_synthesis by silver nitrate,Gentamicin,30.0,spherical,MIC,,31.25,500.0,Bacteria,Bacillota,Bacilli,Bacillales,Staphylococcaceae,Staphylococcus,Staphylococcus epidermidis,p,18.0,37,1,skin,Aminoglycoside ,11.129477946271102,477.60300000000035,16.71320241000861,5.015798641482701,12965995.530690867,30.016916361976897,12.580053458670426,0.0,0.0,0.0,0.0,0.0,0.0,0.0,47.205283233513654,18.12552248744388,24.794530010557143,0.0,17.201002431486554,20.702225929867296,0.0,0.0,0.0,0.0,0.0,0.0,0.0,0.0,12.841643245852019,6.4208216229260096,0.0,13.971409182367815,13.971409182367815,36.148454246686754,23.720991550922037,0.0,38.34001374191151,17.507355870220174,0.0,-2.1118188855886944,-4.221864506384813,3.5225569882466115,3.492765240673166,2.0,3.0,0.0,3.0,3.0,-3.327499999999995,3.0,0.0,0.0,0.0,0.0,4.0
694,Staphylococcus epidermidis,chem_synthesis by silver nitrate,Gentamicin,30.0,spherical,MIC,,7.81,500.0,Bacteria,Bacillota,Bacilli,Bacillales,Staphylococcaceae,Staphylococcus,Staphylococcus epidermidis,p,18.0,37,1,skin,Aminoglycoside ,11.129477946271102,477.60300000000035,16.71320241000861,5.015798641482701,12965995.530690867,30.016916361976897,12.580053458670426,0.0,0.0,0.0,0.0,0.0,0.0,0.0,47.205283233513654,18.12552248744388,24.794530010557143,0.0,17.201002431486554,20.702225929867296,0.0,0.0,0.0,0.0,0.0,0.0,0.0,0.0,12.841643245852019,6.4208216229260096,0.0,13.971409182367815,13.971409182367815,36.148454246686754,23.720991550922037,0.0,38.34001374191151,17.507355870220174,0.0,-2.1118188855886944,-4.221864506384813,3.5225569882466115,3.492765240673166,2.0,3.0,0.0,3.0,3.0,-3.327499999999995,3.0,0.0,0.0,0.0,0.0,4.0
695,Staphylococcus epidermidis,chem_synthesis by silver nitrate,Gentamicin,30.0,spherical,MIC,,0.97,125.0,Bacteria,Bacillota,Bacilli,Bacillales,Staphylococcaceae,Staphylococcus,Staphylococcus epidermidis,p,18.0,37,1,skin,Aminoglycoside ,11.129477946271102,477.60300000000035,16.71320241000861,5.015798641482701,12965995.530690867,30.016916361976897,12.580053458670426,0.0,0.0,0.0,0.0,0.0,0.0,0.0,47.205283233513654,18.12552248744388,24.794530010557143,0.0,17.201002431486554,20.702225929867296,0.0,0.0,0.0,0.0,0.0,0.0,0.0,0.0,12.841643245852019,6.4208216229260096,0.0,13.971409182367815,13.971409182367815,36.148454246686754,23.720991550922037,0.0,38.34001374191151,17.507355870220174,0.0,-2.1118188855886944,-4.221864506384813,3.5225569882466115,3.492765240673166,2.0,3.0,0.0,3.0,3.0,-3.327499999999995,3.0,0.0,0.0,0.0,0.0,4.0
696,Staphylococcus epidermidis,chem_synthesis by silver nitrate,Gentamicin,30.0,spherical,MIC,,31.25,250.0,Bacteria,Bacillota,Bacilli,Bacillales,Staphylococcaceae,Staphylococcus,Staphylococcus epidermidis,p,18.0,37,1,skin,Aminoglycoside ,11.129477946271102,477.60300000000035,16.71320241000861,5.015798641482701,12965995.530690867,30.016916361976897,12.580053458670426,0.0,0.0,0.0,0.0,0.0,0.0,0.0,47.205283233513654,18.12552248744388,24.794530010557143,0.0,17.201002431486554,20.702225929867296,0.0,0.0,0.0,0.0,0.0,0.0,0.0,0.0,12.841643245852019,6.4208216229260096,0.0,13.971409182367815,13.971409182367815,36.148454246686754,23.720991550922037,0.0,38.34001374191151,17.507355870220174,0.0,-2.1118188855886944,-4.221864506384813,3.5225569882466115,3.492765240673166,2.0,3.0,0.0,3.0,3.0,-3.327499999999995,3.0,0.0,0.0,0.0,0.0,4.0
697,Staphylococcus epidermidis,chem_synthesis by silver nitrate,Gentamicin,30.0,spherical,MIC,,62.5,500.0,Bacteria,Bacillota,Bacilli,Bacillales,Staphylococcaceae,Staphylococcus,Staphylococcus epidermidis,p,18.0,37,1,skin,Aminoglycoside ,11.129477946271102,477.60300000000035,16.71320241000861,5.015798641482701,12965995.530690867,30.016916361976897,12.580053458670426,0.0,0.0,0.0,0.0,0.0,0.0,0.0,47.205283233513654,18.12552248744388,24.794530010557143,0.0,17.201002431486554,20.702225929867296,0.0,0.0,0.0,0.0,0.0,0.0,0.0,0.0,12.841643245852019,6.4208216229260096,0.0,13.971409182367815,13.971409182367815,36.148454246686754,23.720991550922037,0.0,38.34001374191151,17.507355870220174,0.0,-2.1118188855886944,-4.221864506384813,3.5225569882466115,3.492765240673166,2.0,3.0,0.0,3.0,3.0,-3.327499999999995,3.0,0.0,0.0,0.0,0.0,4.0
698,Staphylococcus epidermidis,chem_synthesis by silver nitrate,Gentamicin,30.0,spherical,MIC,,31.25,500.0,Bacteria,Bacillota,Bacilli,Bacillales,Staphylococcaceae,Staphylococcus,Staphylococcus epidermidis,p,18.0,37,1,skin,Aminoglycoside ,11.129477946271102,477.60300000000035,16.71320241000861,5.015798641482701,12965995.530690867,30.016916361976897,12.580053458670426,0.0,0.0,0.0,0.0,0.0,0.0,0.0,47.205283233513654,18.12552248744388,24.794530010557143,0.0,17.201002431486554,20.702225929867296,0.0,0.0,0.0,0.0,0.0,0.0,0.0,0.0,12.841643245852019,6.4208216229260096,0.0,13.971409182367815,13.971409182367815,36.148454246686754,23.720991550922037,0.0,38.34001374191151,17.507355870220174,0.0,-2.1118188855886944,-4.221864506384813,3.5225569882466115,3.492765240673166,2.0,3.0,0.0,3.0,3.0,-3.327499999999995,3.0,0.0,0.0,0.0,0.0,4.0
699,Staphylococcus epidermidis,chem_synthesis by silver nitrate,Gentamicin,30.0,spherical,MIC,,31.25,500.0,Bacteria,Bacillota,Bacilli,Bacillales,Staphylococcaceae,Staphylococcus,Staphylococcus epidermidis,p,18.0,37,1,skin,Aminoglycoside ,11.129477946271102,477.60300000000035,16.71320241000861,5.015798641482701,12965995.530690867,30.016916361976897,12.580053458670426,0.0,0.0,0.0,0.0,0.0,0.0,0.0,47.205283233513654,18.12552248744388,24.794530010557143,0.0,17.201002431486554,20.702225929867296,0.0,0.0,0.0,0.0,0.0,0.0,0.0,0.0,12.841643245852019,6.4208216229260096,0.0,13.971409182367815,13.971409182367815,36.148454246686754,23.720991550922037,0.0,38.34001374191151,17.507355870220174,0.0,-2.1118188855886944,-4.221864506384813,3.5225569882466115,3.492765240673166,2.0,3.0,0.0,3.0,3.0,-3.327499999999995,3.0,0.0,0.0,0.0,0.0,4.0
720,Escherichia coli,green_synthesis using Withania coagulans fruits extract,Levofloxacin,20.0,spherical,MIC,16.0,0.5,2.0,Bacteria,Pseudomonadota,Gammaproteobacteria,Enterobacterales,Enterobacteriaceae,Escherichia,Escherichia coli,n,84.0,37,2,urine,Quinolines,14.983653155706726,361.37300000000005,19.142220377842758,5.96880007949273,825393.7397774052,17.857719730893475,11.5667326743298,5.428790391900541,0.0,5.969305287951849,9.184952231746642,0.0,0.0,0.0,20.037776250829424,32.37586919526338,16.944765761229018,22.559616494716465,0.0,44.73348930169089,33.86721054878994,5.749511833283905,10.077801322358383,0.0,5.817220841045895,0.0,10.902924932081056,0.0,30.043111637408877,19.15587988028676,6.196843571613076,4.567099647791355,18.871318913218293,4.736862953800049,22.556683437263793,0.0,9.363410540086191,-0.22381680128433334,-1.5426565069196736,0.9940744415049967,1.342611961451247,5.075710339627637,2.0152775955562405,2.0,2.0,2.0,1.0,4.0,1.5439999999999998,0.0,1.0,3.0,0.0,0.0,1.0
721,Vibrio cholerae,green_synthesis using Withania coagulans fruits extract,Levofloxacin,20.0,spherical,MIC,16.0,8.0,8.0,Bacteria,Pseudomonadota,Gammaproteobacteria,Vibrionales,Vibrionaceae,Vibrio,Vibrio cholerae,n,60.0,30,2,water,Quinolines,14.983653155706726,361.37300000000005,19.142220377842758,5.96880007949273,825393.7397774052,17.857719730893475,11.5667326743298,5.428790391900541,0.0,5.969305287951849,9.184952231746642,0.0,0.0,0.0,20.037776250829424,32.37586919526338,16.944765761229018,22.559616494716465,0.0,44.73348930169089,33.86721054878994,5.749511833283905,10.077801322358383,0.0,5.817220841045895,0.0,10.902924932081056,0.0,30.043111637408877,19.15587988028676,6.196843571613076,4.567099647791355,18.871318913218293,4.736862953800049,22.556683437263793,0.0,9.363410540086191,-0.22381680128433334,-1.5426565069196736,0.9940744415049967,1.342611961451247,5.075710339627637,2.0152775955562405,2.0,2.0,2.0,1.0,4.0,1.5439999999999998,0.0,1.0,3.0,0.0,0.0,1.0
722,Enterococcus faecalis,green_synthesis using Withania coagulans fruits extract,Levofloxacin,20.0,spherical,MIC,32.0,0.25,8.0,Bacteria,Bacillota,Bacilli,Lactobacillales,Enterococcaceae,Enterococcus,Enterococcus faecalis,p,36.0,37,2,urine,Quinolines,14.983653155706726,361.37300000000005,19.142220377842758,5.96880007949273,825393.7397774052,17.857719730893475,11.5667326743298,5.428790391900541,0.0,5.969305287951849,9.184952231746642,0.0,0.0,0.0,20.037776250829424,32.37586919526338,16.944765761229018,22.559616494716465,0.0,44.73348930169089,33.86721054878994,5.749511833283905,10.077801322358383,0.0,5.817220841045895,0.0,10.902924932081056,0.0,30.043111637408877,19.15587988028676,6.196843571613076,4.567099647791355,18.871318913218293,4.736862953800049,22.556683437263793,0.0,9.363410540086191,-0.22381680128433334,-1.5426565069196736,0.9940744415049967,1.342611961451247,5.075710339627637,2.0152775955562405,2.0,2.0,2.0,1.0,4.0,1.5439999999999998,0.0,1.0,3.0,0.0,0.0,1.0
723,Staphylococcus aureus,green_synthesis using Withania coagulans fruits extract,Levofloxacin,20.0,spherical,MIC,4.0,0.25,1.0,Bacteria,Bacillota,Bacilli,Bacillales,Staphylococcaceae,Staphylococcus,Staphylococcus aureus,p,36.0,37,2,skin,Quinolines,14.983653155706726,361.37300000000005,19.142220377842758,5.96880007949273,825393.7397774052,17.857719730893475,11.5667326743298,5.428790391900541,0.0,5.969305287951849,9.184952231746642,0.0,0.0,0.0,20.037776250829424,32.37586919526338,16.944765761229018,22.559616494716465,0.0,44.73348930169089,33.86721054878994,5.749511833283905,10.077801322358383,0.0,5.817220841045895,0.0,10.902924932081056,0.0,30.043111637408877,19.15587988028676,6.196843571613076,4.567099647791355,18.871318913218293,4.736862953800049,22.556683437263793,0.0,9.363410540086191,-0.22381680128433334,-1.5426565069196736,0.9940744415049967,1.342611961451247,5.075710339627637,2.0152775955562405,2.0,2.0,2.0,1.0,4.0,1.5439999999999998,0.0,1.0,3.0,0.0,0.0,1.0
724,Salmonella typhi,green_synthesis using Withania coagulans fruits extract,Levofloxacin,20.0,spherical,MIC,32.0,0.25,1.0,Bacteria,Pseudomonadota,Gammaproteobacteria,Enterobacterales,Enterobacteriaceae,Salmonella,Salmonella enterica,n,252.0,37,2,blood,Quinolines,14.983653155706726,361.37300000000005,19.142220377842758,5.96880007949273,825393.7397774052,17.857719730893475,11.5667326743298,5.428790391900541,0.0,5.969305287951849,9.184952231746642,0.0,0.0,0.0,20.037776250829424,32.37586919526338,16.944765761229018,22.559616494716465,0.0,44.73348930169089,33.86721054878994,5.749511833283905,10.077801322358383,0.0,5.817220841045895,0.0,10.902924932081056,0.0,30.043111637408877,19.15587988028676,6.196843571613076,4.567099647791355,18.871318913218293,4.736862953800049,22.556683437263793,0.0,9.363410540086191,-0.22381680128433334,-1.5426565069196736,0.9940744415049967,1.342611961451247,5.075710339627637,2.0152775955562405,2.0,2.0,2.0,1.0,4.0,1.5439999999999998,0.0,1.0,3.0,0.0,0.0,1.0
725,Proteus vulgaris,green_synthesis using Withania coagulans fruits extract,Levofloxacin,20.0,spherical,MIC,16.0,16.0,32.0,Bacteria,Pseudomonadota,Gammaproteobacteria,Enterobacterales,Morganellaceae,Proteus,Proteus vulgaris,n,48.0,30,2,soil,Quinolines,14.983653155706726,361.37300000000005,19.142220377842758,5.96880007949273,825393.7397774052,17.857719730893475,11.5667326743298,5.428790391900541,0.0,5.969305287951849,9.184952231746642,0.0,0.0,0.0,20.037776250829424,32.37586919526338,16.944765761229018,22.559616494716465,0.0,44.73348930169089,33.86721054878994,5.749511833283905,10.077801322358383,0.0,5.817220841045895,0.0,10.902924932081056,0.0,30.043111637408877,19.15587988028676,6.196843571613076,4.567099647791355,18.871318913218293,4.736862953800049,22.556683437263793,0.0,9.363410540086191,-0.22381680128433334,-1.5426565069196736,0.9940744415049967,1.342611961451247,5.075710339627637,2.0152775955562405,2.0,2.0,2.0,1.0,4.0,1.5439999999999998,0.0,1.0,3.0,0.0,0.0,1.0
895,Escherichia coli,"purchased from US Research Nanomaterials, Inc. ",Ampicillin,20.0,spherical,MIC,64.0,32.0,2.0,Bacteria,Pseudomonadota,Gammaproteobacteria,Enterobacterales,Enterobacteriaceae,Escherichia,Escherichia coli,n,84.0,37,2,urine,Organoheterocyclic compounds,12.334172965482487,349.4120000000001,32.1669062252244,8.013147836891157,206112.98596074485,23.499395300412623,0.0,11.814359458703011,0.0,5.969305287951849,4.794537184071822,0.0,11.761884949391115,30.33183534230805,19.410925891078243,4.747022453217559,0.0,29.545549696045974,5.733667477162185,0.0,35.89528683400505,0.0,0.0,11.761884949391115,0.0,0.0,0.0,0.0,5.563451491696996,0.0,16.66179468024159,38.112942673227685,6.06636706846161,5.733667477162185,-0.6178732809698717,1.384119373057865,11.668857470784294,6.59329714138742,-1.8568691887784594,6.376417836304613,0.0,3.5766661417653483,0.0,2.0,2.0,1.0,2.0,3.0,0.3181000000000002,0.0,0.0,1.0,0.0,1.0,0.0
903,Escherichia coli,"purchased from US Research Nanomaterials, Inc. ",Kanamycin,20.0,spherical,MIC,64.0,4.0,2.0,Bacteria,Pseudomonadota,Gammaproteobacteria,Enterobacterales,Enterobacteriaceae,Escherichia,Escherichia coli,n,84.0,37,2,urine,Organooxygen compounds,10.934370590828925,484.50300000000016,16.723934420328636,5.009909437980697,13654838.446765736,61.039663877483015,12.580053458670426,0.0,0.0,0.0,0.0,0.0,0.0,0.0,6.4208216229260096,18.628438064208495,12.648722793660879,0.0,22.93466990864874,13.151638370425493,0.0,0.0,0.0,0.0,0.0,0.0,0.0,0.0,0.0,0.0,0.0,0.0,0.0,41.88212172384894,22.188645928553036,0.0,70.89126281071222,23.505097560217962,0.0,-2.8618546241042164,-16.459712694205745,-0.7634389811732607,0.0,2.0,3.0,0.0,3.0,3.0,-7.2914000000000065,7.0,0.0,0.0,0.0,0.0,4.0
911,Escherichia coli,"purchased from US Research Nanomaterials, Inc. ",Vancomycin,20.0,spherical,MIC,64.0,4.0,256.0,Bacteria,Pseudomonadota,Gammaproteobacteria,Enterobacterales,Enterobacteriaceae,Escherichia,Escherichia coli,n,84.0,37,2,urine,carboxylic acids,16.017214138834966,1449.2710000000004,35.4967930759403,6.321583236316157,1.2011332476804883e+25,89.47659525090083,29.934857612799288,53.389796668079654,0.0,5.969305287951849,4.794537184071822,0.0,0.0,55.24845538523111,110.08498363408832,34.71646841886195,41.32274381956614,70.52144317387742,17.385241000485763,13.654553947190108,116.72529597596859,57.12299764966523,0.0,23.20187978046503,5.917906046161393,10.045266627482652,11.126902983393991,14.383611552215466,0.0,66.73003775307771,33.02788051898166,0.0,13.847474399381248,63.090392457589694,38.297719817048595,14.104060618953639,130.50687133113217,8.003711425926706,-15.9867848461044,-0.6786651744934149,-18.55014789207184,5.659418699136037,1.4723086925515987,7.0,7.0,5.0,2.0,12.0,0.10620000000000512,6.0,0.0,0.0,0.0,15.0,6.0
919,Escherichia coli,"purchased from US Research Nanomaterials, Inc. ",Ciprofloxacin,20.0,spherical,MIC,64.0,32.0,0.015,Bacteria,Pseudomonadota,Gammaproteobacteria,Enterobacterales,Enterobacteriaceae,Escherichia,Escherichia coli,n,84.0,37,2,urine,Quinolines,14.607685185185183,331.34700000000004,19.142215575448983,5.932587448237474,672746.5705685621,11.38067233274289,0.0,5.428790391900541,0.0,5.969305287951849,9.184952231746642,0.0,0.0,0.0,24.974377382775238,43.80393423887614,11.204086992299825,22.55961649471647,0.0,31.078935354500782,39.933577617251544,0.0,10.077801322358383,0.0,5.817220841045895,0.0,10.902924932081056,0.0,24.293599804124977,25.93115605767717,12.263210640074686,6.06636706846161,9.467009378641833,0.0,16.43241047808012,0.0,12.6196285019594,0.15943609851348062,-1.755300643086537,3.07809812505249,3.290533509700176,2.9606282188163506,0.0,1.0,2.0,2.0,2.0,4.0,1.5833,0.0,1.0,2.0,0.0,1.0,0.0
927,Escherichia coli,"purchased from US Research Nanomaterials, Inc. ",Colistin,20.0,spherical,MIC,64.0,16.0,2.0,Bacteria,Pseudomonadota,Gammaproteobacteria,Enterobacterales,Enterobacteriaceae,Escherichia,Escherichia coli,n,84.0,37,2,urine,Carboxylic acids and derivatives,14.426914545168522,2296.970999999999,16.283042305660096,6.012270527689828,7.557731729916325e+49,96.66945326636734,0.0,118.14359458703017,0.0,0.0,0.0,0.0,0.0,115.18895451091751,244.22473834752486,39.020668869502316,48.58322886758505,118.14359458703017,92.84411104859021,91.62658968277606,0.0,0.0,0.0,0.0,35.507436276968356,0.0,0.0,0.0,24.677455338174806,32.10410811463005,27.694948798762496,55.38989759752498,0.0,57.33667477162185,0.0,0.0,101.67125808121989,58.71244627180926,-15.154387122026165,-25.956954009653217,-0.15502884178135723,26.273201401775296,0.0,2.0,2.0,0.0,2.0,2.0,-10.32609999999995,4.0,0.0,0.0,0.0,0.0,0.0
935,Escherichia coli,"purchased from US Research Nanomaterials, Inc. ",Rifampicin,20.0,spherical,MIC,64.0,32.0,4.0,Bacteria,Pseudomonadota,Gammaproteobacteria,Enterobacterales,Enterobacteriaceae,Escherichia,Escherichia coli,n,84.0,37,2,urine,Macrolactams,14.425629624280763,822.9530000000003,16.706167354567828,6.234647895184058,3443399886748.2905,23.35250188760002,5.749511833283905,0.0,11.690424675716445,11.756416440522447,0.0,5.101407525739723,0.0,45.92300911926414,26.97116648889232,87.3307019851857,52.98909366374336,40.33416524681676,28.77303171038529,45.653283751611355,52.82961988091657,22.99804733313562,5.687386274683562,0.0,30.595361384336194,0.0,10.772448428929591,0.0,13.08951281182515,13.08951281182515,59.43346758166389,44.85590153638479,7.04767198267719,18.947451815200196,23.596420517505617,0.0,66.84818411685347,-0.35005530822548714,-8.342717254488937,0.0,4.8603847953800585,15.090435620913437,3.4206443514765565,4.0,4.0,2.0,1.0,6.0,4.335420000000004,2.0,0.0,3.0,2.0,14.0,4.0
1055,Escherichia coli,green_synthesis using Acinetobacter calcoaceticus,Amikacin,10.0,spherical,MIC,,0.015,1.0,Bacteria,Pseudomonadota,Gammaproteobacteria,Enterobacterales,Enterobacteriaceae,Escherichia,Escherichia coli,n,84.0,37,2,urine,Organooxygen compounds,12.578430739026395,585.6080000000002,16.72419482977286,5.803959385179921,351840389.6434164,67.14363026523132,12.580053458670426,5.907179729351506,0.0,0.0,0.0,0.0,0.0,0.0,19.386399651764595,12.586597235060536,18.69056362280884,5.907179729351506,22.93466990864874,19.696394776338067,0.0,0.0,0.0,0.0,0.0,0.0,0.0,0.0,0.0,0.0,0.0,0.0,0.0,41.88212172384894,22.508987749652608,0.0,84.8515698880727,23.07815814323158,-0.8451654705857445,-3.4543834318598456,-19.819150484244457,-0.8984471332932249,0.0,2.0,3.0,0.0,3.0,3.0,-8.424200000000015,8.0,0.0,0.0,0.0,0.0,4.0
1056,Escherichia coli,green_synthesis using Acinetobacter calcoaceticus,Gentamicin,10.0,spherical,MIC,,0.015,0.25,Bacteria,Pseudomonadota,Gammaproteobacteria,Enterobacterales,Enterobacteriaceae,Escherichia,Escherichia coli,n,84.0,37,2,urine,Aminoglycoside ,11.129477946271102,477.60300000000035,16.71320241000861,5.015798641482701,12965995.530690867,30.016916361976897,12.580053458670426,0.0,0.0,0.0,0.0,0.0,0.0,0.0,47.205283233513654,18.12552248744388,24.794530010557143,0.0,17.201002431486554,20.702225929867296,0.0,0.0,0.0,0.0,0.0,0.0,0.0,0.0,12.841643245852019,6.4208216229260096,0.0,13.971409182367815,13.971409182367815,36.148454246686754,23.720991550922037,0.0,38.34001374191151,17.507355870220174,0.0,-2.1118188855886944,-4.221864506384813,3.5225569882466115,3.492765240673166,2.0,3.0,0.0,3.0,3.0,-3.327499999999995,3.0,0.0,0.0,0.0,0.0,4.0
1057,Escherichia coli,green_synthesis using Acinetobacter calcoaceticus,Kanamycin,10.0,spherical,MIC,,0.015,1.0,Bacteria,Pseudomonadota,Gammaproteobacteria,Enterobacterales,Enterobacteriaceae,Escherichia,Escherichia coli,n,84.0,37,2,urine,Organooxygen compounds,10.934370590828925,484.50300000000016,16.723934420328636,5.009909437980697,13654838.446765736,61.039663877483015,12.580053458670426,0.0,0.0,0.0,0.0,0.0,0.0,0.0,6.4208216229260096,18.628438064208495,12.648722793660879,0.0,22.93466990864874,13.151638370425493,0.0,0.0,0.0,0.0,0.0,0.0,0.0,0.0,0.0,0.0,0.0,0.0,0.0,41.88212172384894,22.188645928553036,0.0,70.89126281071222,23.505097560217962,0.0,-2.8618546241042164,-16.459712694205745,-0.7634389811732607,0.0,2.0,3.0,0.0,3.0,3.0,-7.2914000000000065,7.0,0.0,0.0,0.0,0.0,4.0
1058,Escherichia coli,green_synthesis using Acinetobacter calcoaceticus,Amoxicillin,10.0,spherical,MIC,,0.125,8.0,Bacteria,Pseudomonadota,Gammaproteobacteria,Enterobacterales,Enterobacteriaceae,Escherichia,Escherichia coli,n,84.0,37,2,urine,Lactams,12.347538895187707,365.4110000000001,32.16690631043884,8.013148748605687,291485.62989158236,29.248907133696527,0.0,11.814359458703011,0.0,5.969305287951849,4.794537184071822,0.0,11.761884949391115,12.13273413692322,31.54366002800146,4.747022453217559,0.0,29.545549696045974,5.733667477162185,0.0,29.828919765543436,5.749511833283905,0.0,11.761884949391115,0.0,0.0,0.0,0.0,5.563451491696996,0.0,40.927262954088036,13.847474399381248,0.0,5.733667477162185,-0.6481045711443436,1.3530174446832093,20.864004624308485,6.4092400741160676,-1.9379691177460066,3.205759785982547,0.0,3.533958493288469,0.0,2.0,2.0,1.0,2.0,3.0,0.023700000000000443,0.0,0.0,1.0,0.0,1.0,0.0
1059,Escherichia coli,green_synthesis using Acinetobacter calcoaceticus,Ampicillin,10.0,spherical,MIC,,0.125,8.0,Bacteria,Pseudomonadota,Gammaproteobacteria,Enterobacterales,Enterobacteriaceae,Escherichia,Escherichia coli,n,84.0,37,2,urine,Organoheterocyclic compounds,12.334172965482487,349.4120000000001,32.1669062252244,8.013147836891157,206112.98596074485,23.499395300412623,0.0,11.814359458703011,0.0,5.969305287951849,4.794537184071822,0.0,11.761884949391115,30.33183534230805,19.410925891078243,4.747022453217559,0.0,29.545549696045974,5.733667477162185,0.0,35.89528683400505,0.0,0.0,11.761884949391115,0.0,0.0,0.0,0.0,5.563451491696996,0.0,16.66179468024159,38.112942673227685,6.06636706846161,5.733667477162185,-0.6178732809698717,1.384119373057865,11.668857470784294,6.59329714138742,-1.8568691887784594,6.376417836304613,0.0,3.5766661417653483,0.0,2.0,2.0,1.0,2.0,3.0,0.3181000000000002,0.0,0.0,1.0,0.0,1.0,0.0
1060,Escherichia coli,green_synthesis using Acinetobacter calcoaceticus,Ceftazidime,10.0,spherical,MIC,,0.03,0.125,Bacteria,Pseudomonadota,Gammaproteobacteria,Enterobacterales,Enterobacteriaceae,Escherichia,Escherichia coli,n,84.0,37,2,urine,Lactams,13.114328090055071,546.5870000000002,32.166681198615066,7.9983639133930895,130887863.90568937,17.10964163696516,29.78168703174876,5.601050810983688,11.814359458703011,5.969305287951849,14.345615352810384,0.0,23.098670827325854,11.22207979521215,13.847474399381248,28.838755044205193,11.666344601007683,57.6948843445426,5.15571272675054,11.486521083908974,52.93692295705045,0.0,5.131558479839333,23.098670827325854,0.0,0.0,0.0,0.0,11.325958136816055,16.236695608785215,30.98942211923828,29.093520927940727,6.06636706846161,10.571256060898818,1.7813433512507009,2.3200451049992044,28.365058705864,3.830931505999705,-4.0068662117945095,4.364278804086379,3.550427347358645,2.7432530473176975,0.0,2.0,2.0,2.0,1.0,4.0,-1.2991999999999946,0.0,2.0,4.0,0.0,1.0,0.0
1061,Escherichia coli,green_synthesis using Acinetobacter calcoaceticus,Ceftriaxone,10.0,spherical,MIC,,0.015,0.06,Bacteria,Pseudomonadota,Gammaproteobacteria,Enterobacterales,Enterobacteriaceae,Escherichia,Escherichia coli,n,84.0,37,2,urine,Lactams,12.916804915913412,554.592,32.16802575616794,8.005513176288462,86964842.00764643,29.91647849129853,15.999679964430742,0.0,17.694347795138384,11.528572183003856,14.460318640164214,4.9839785209472085,28.197352635626892,16.917597676141654,5.573104530069267,23.933441966636682,0.0,63.48746400598187,12.20338470942773,24.3491722319333,32.69793868756331,5.879988336435371,5.131558479839333,34.860555776716964,0.0,0.0,0.0,0.0,5.573104530069267,27.99858055817633,35.98122017895694,0.0,0.0,10.571256060898818,1.1911059923735094,3.4097930208811835,30.32908056195552,4.9368402497316435,-3.0399098626612933,-0.9927050581226264,0.0,0.0,2.7234967968158625,2.0,2.0,2.0,1.0,4.0,-1.198999999999999,0.0,4.0,6.0,0.0,1.0,0.0
1062,Escherichia coli,green_synthesis using Acinetobacter calcoaceticus,Ciprofloxacin,10.0,spherical,MIC,,0.015,0.015,Bacteria,Pseudomonadota,Gammaproteobacteria,Enterobacterales,Enterobacteriaceae,Escherichia,Escherichia coli,n,84.0,37,2,urine,Quinolines,14.607685185185183,331.34700000000004,19.142215575448983,5.932587448237474,672746.5705685621,11.38067233274289,0.0,5.428790391900541,0.0,5.969305287951849,9.184952231746642,0.0,0.0,0.0,24.974377382775238,43.80393423887614,11.204086992299825,22.55961649471647,0.0,31.078935354500782,39.933577617251544,0.0,10.077801322358383,0.0,5.817220841045895,0.0,10.902924932081056,0.0,24.293599804124977,25.93115605767717,12.263210640074686,6.06636706846161,9.467009378641833,0.0,16.43241047808012,0.0,12.6196285019594,0.15943609851348062,-1.755300643086537,3.07809812505249,3.290533509700176,2.9606282188163506,0.0,1.0,2.0,2.0,2.0,4.0,1.5833,0.0,1.0,2.0,0.0,1.0,0.0
1063,Escherichia coli,green_synthesis using Acinetobacter calcoaceticus,Doxycycline,10.0,spherical,MIC,,0.015,0.5,Bacteria,Pseudomonadota,Gammaproteobacteria,Enterobacterales,Enterobacteriaceae,Escherichia,Escherichia coli,n,84.0,37,2,urine,Tetracyclines,13.31702837616528,462.4550000000002,16.35438123868387,6.24508544694082,8427682.935942445,22.840946106665523,11.384295757348628,5.783244946364939,5.907179729351506,0.0,0.0,0.0,0.0,19.056471336613843,31.64306857167438,11.49101057623066,23.627164754754652,17.473669622081385,17.56947956948497,14.09534396535438,51.990542992229706,5.749511833283905,0.0,0.0,11.835812092322787,0.0,0.0,0.0,5.563451491696996,0.0,25.06162076466647,19.056471336613843,0.0,5.733667477162185,0.0,0.0,55.033717988394216,1.3628127161422192,-8.859922348441467,3.1664695181778963,-1.5895597127739987,1.6766898673049466,2.975209358409214,0.0,3.0,1.0,0.0,4.0,-1.1722999999999981,4.0,0.0,1.0,0.0,3.0,0.0
1064,Escherichia coli,green_synthesis using Acinetobacter calcoaceticus,Tetracycline,10.0,spherical,MIC,,0.015,0.5,Bacteria,Pseudomonadota,Gammaproteobacteria,Enterobacterales,Enterobacteriaceae,Escherichia,Escherichia coli,n,84.0,37,2,urine,Tetracyclines,13.313695042831949,444.44000000000017,16.349699175563902,6.244441577254103,7541988.5274806805,22.840946106665523,11.384295757348628,5.783244946364939,5.907179729351506,0.0,0.0,0.0,0.0,12.13273413692322,39.06972134812962,17.408916622392056,17.206343131828646,17.473669622081385,17.56947956948497,14.09534396535438,51.990542992229706,5.749511833283905,0.0,0.0,11.835812092322787,0.0,0.0,0.0,0.0,0.0,44.11809210128031,0.0,0.0,5.733667477162185,0.0,0.0,55.036209694953385,-0.6537508730280199,-7.891260886171374,3.050557292176385,-0.1999820483749053,1.4026620895271686,3.062499607842321,0.0,3.0,1.0,0.0,4.0,-0.21439999999999837,4.0,0.0,1.0,0.0,3.0,0.0
1065,Escherichia coli,green_synthesis using Acinetobacter calcoaceticus,Chloramphenicol,10.0,spherical,MIC,,0.06,2.0,Bacteria,Pseudomonadota,Gammaproteobacteria,Enterobacterales,Enterobacteriaceae,Escherichia,Escherichia coli,n,84.0,37,2,urine,Benzene derivatives,11.304786365163348,323.13199999999995,35.53916852833981,6.530354842931773,20854.00404623344,6.103966387748303,4.836269690250055,0.0,11.594566004035068,0.0,0.0,0.0,0.0,23.20187978046503,17.696185628620217,12.13273413692322,17.57203384247855,34.7964457845001,0.0,6.606881964512918,39.94323803430901,0.0,5.687386274683562,23.20187978046503,10.114318268765572,0.0,0.0,0.0,5.563451491696996,0.0,24.26546827384644,0.0,0.0,28.30840717530574,0.0,10.701515153828765,31.946182154335563,0.16922162383471995,-0.7561620265390101,4.0536671005850895,-1.2529283194759382,-0.5511984284454523,0.0,0.0,0.0,1.0,0.0,1.0,0.9089999999999998,2.0,0.0,1.0,0.0,0.0,0.0
1066,Escherichia coli,green_synthesis using Acinetobacter calcoaceticus,Trimethoprim,10.0,spherical,MIC,,0.015,0.125,Bacteria,Pseudomonadota,Gammaproteobacteria,Enterobacterales,Enterobacteriaceae,Escherichia,Escherichia coli,n,84.0,37,2,urine,phenol ethers,5.848108465608465,290.32300000000004,16.52993347195911,5.550690334116603,52230.22737876032,5.817862777835028,11.49902366656781,11.6978511142704,0.0,0.0,4.9839785209472085,4.9839785209472085,0.0,0.0,17.696185628620217,18.18111668623608,21.3293926238326,11.766202058821523,0.0,32.796727578156975,29.456480691930288,17.248535499851716,11.766202058821523,0.0,0.0,0.0,0.0,0.0,29.48721990061275,11.126902983393991,0.0,27.526236195445676,12.13273413692322,25.67792381572452,15.924874707790472,0.0,0.0,13.050571864369664,2.228001325657803,3.7165684051398338,2.1425385015117158,0.0,4.703740547004436,0.0,0.0,2.0,0.0,2.0,1.2575999999999998,0.0,2.0,2.0,0.0,0.0,3.0
1067,Acinetobacter baumannii,green_synthesis using Acinetobacter calcoaceticus,Amikacin,10.0,spherical,MIC,,2.0,128.0,Bacteria,Pseudomonadota,Gammaproteobacteria,Moraxellales,Moraxellaceae,Acinetobacter,Acinetobacter calcoaceticus/baumannii complex,n,36.0,37,2,urine,Organooxygen compounds,12.578430739026395,585.6080000000002,16.72419482977286,5.803959385179921,351840389.6434164,67.14363026523132,12.580053458670426,5.907179729351506,0.0,0.0,0.0,0.0,0.0,0.0,19.386399651764595,12.586597235060536,18.69056362280884,5.907179729351506,22.93466990864874,19.696394776338067,0.0,0.0,0.0,0.0,0.0,0.0,0.0,0.0,0.0,0.0,0.0,0.0,0.0,41.88212172384894,22.508987749652608,0.0,84.8515698880727,23.07815814323158,-0.8451654705857445,-3.4543834318598456,-19.819150484244457,-0.8984471332932249,0.0,2.0,3.0,0.0,3.0,3.0,-8.424200000000015,8.0,0.0,0.0,0.0,0.0,4.0
1068,Acinetobacter baumannii,green_synthesis using Acinetobacter calcoaceticus,Gentamicin,10.0,spherical,MIC,,2.0,256.0,Bacteria,Pseudomonadota,Gammaproteobacteria,Moraxellales,Moraxellaceae,Acinetobacter,Acinetobacter calcoaceticus/baumannii complex,n,36.0,37,2,urine,Aminoglycoside ,11.129477946271102,477.60300000000035,16.71320241000861,5.015798641482701,12965995.530690867,30.016916361976897,12.580053458670426,0.0,0.0,0.0,0.0,0.0,0.0,0.0,47.205283233513654,18.12552248744388,24.794530010557143,0.0,17.201002431486554,20.702225929867296,0.0,0.0,0.0,0.0,0.0,0.0,0.0,0.0,12.841643245852019,6.4208216229260096,0.0,13.971409182367815,13.971409182367815,36.148454246686754,23.720991550922037,0.0,38.34001374191151,17.507355870220174,0.0,-2.1118188855886944,-4.221864506384813,3.5225569882466115,3.492765240673166,2.0,3.0,0.0,3.0,3.0,-3.327499999999995,3.0,0.0,0.0,0.0,0.0,4.0
1070,Acinetobacter baumannii,green_synthesis using Acinetobacter calcoaceticus,Amoxicillin,10.0,spherical,MIC,,2.0,4096.0,Bacteria,Pseudomonadota,Gammaproteobacteria,Moraxellales,Moraxellaceae,Acinetobacter,Acinetobacter calcoaceticus/baumannii complex,n,36.0,37,2,urine,Lactams,12.347538895187707,365.4110000000001,32.16690631043884,8.013148748605687,291485.62989158236,29.248907133696527,0.0,11.814359458703011,0.0,5.969305287951849,4.794537184071822,0.0,11.761884949391115,12.13273413692322,31.54366002800146,4.747022453217559,0.0,29.545549696045974,5.733667477162185,0.0,29.828919765543436,5.749511833283905,0.0,11.761884949391115,0.0,0.0,0.0,0.0,5.563451491696996,0.0,40.927262954088036,13.847474399381248,0.0,5.733667477162185,-0.6481045711443436,1.3530174446832093,20.864004624308485,6.4092400741160676,-1.9379691177460066,3.205759785982547,0.0,3.533958493288469,0.0,2.0,2.0,1.0,2.0,3.0,0.023700000000000443,0.0,0.0,1.0,0.0,1.0,0.0
1071,Acinetobacter baumannii,green_synthesis using Acinetobacter calcoaceticus,Ampicillin,10.0,spherical,MIC,,2.0,4096.0,Bacteria,Pseudomonadota,Gammaproteobacteria,Moraxellales,Moraxellaceae,Acinetobacter,Acinetobacter calcoaceticus/baumannii complex,n,36.0,37,2,urine,Organoheterocyclic compounds,12.334172965482487,349.4120000000001,32.1669062252244,8.013147836891157,206112.98596074485,23.499395300412623,0.0,11.814359458703011,0.0,5.969305287951849,4.794537184071822,0.0,11.761884949391115,30.33183534230805,19.410925891078243,4.747022453217559,0.0,29.545549696045974,5.733667477162185,0.0,35.89528683400505,0.0,0.0,11.761884949391115,0.0,0.0,0.0,0.0,5.563451491696996,0.0,16.66179468024159,38.112942673227685,6.06636706846161,5.733667477162185,-0.6178732809698717,1.384119373057865,11.668857470784294,6.59329714138742,-1.8568691887784594,6.376417836304613,0.0,3.5766661417653483,0.0,2.0,2.0,1.0,2.0,3.0,0.3181000000000002,0.0,0.0,1.0,0.0,1.0,0.0
1072,Acinetobacter baumannii,green_synthesis using Acinetobacter calcoaceticus,Ceftazidime,10.0,spherical,MIC,,512.0,512.0,Bacteria,Pseudomonadota,Gammaproteobacteria,Moraxellales,Moraxellaceae,Acinetobacter,Acinetobacter calcoaceticus/baumannii complex,n,36.0,37,2,urine,Lactams,13.114328090055071,546.5870000000002,32.166681198615066,7.9983639133930895,130887863.90568937,17.10964163696516,29.78168703174876,5.601050810983688,11.814359458703011,5.969305287951849,14.345615352810384,0.0,23.098670827325854,11.22207979521215,13.847474399381248,28.838755044205193,11.666344601007683,57.6948843445426,5.15571272675054,11.486521083908974,52.93692295705045,0.0,5.131558479839333,23.098670827325854,0.0,0.0,0.0,0.0,11.325958136816055,16.236695608785215,30.98942211923828,29.093520927940727,6.06636706846161,10.571256060898818,1.7813433512507009,2.3200451049992044,28.365058705864,3.830931505999705,-4.0068662117945095,4.364278804086379,3.550427347358645,2.7432530473176975,0.0,2.0,2.0,2.0,1.0,4.0,-1.2991999999999946,0.0,2.0,4.0,0.0,1.0,0.0
1073,Acinetobacter baumannii,green_synthesis using Acinetobacter calcoaceticus,Ceftriaxone,10.0,spherical,MIC,,2048.0,2048.0,Bacteria,Pseudomonadota,Gammaproteobacteria,Moraxellales,Moraxellaceae,Acinetobacter,Acinetobacter calcoaceticus/baumannii complex,n,36.0,37,2,urine,Lactams,12.916804915913412,554.592,32.16802575616794,8.005513176288462,86964842.00764643,29.91647849129853,15.999679964430742,0.0,17.694347795138384,11.528572183003856,14.460318640164214,4.9839785209472085,28.197352635626892,16.917597676141654,5.573104530069267,23.933441966636682,0.0,63.48746400598187,12.20338470942773,24.3491722319333,32.69793868756331,5.879988336435371,5.131558479839333,34.860555776716964,0.0,0.0,0.0,0.0,5.573104530069267,27.99858055817633,35.98122017895694,0.0,0.0,10.571256060898818,1.1911059923735094,3.4097930208811835,30.32908056195552,4.9368402497316435,-3.0399098626612933,-0.9927050581226264,0.0,0.0,2.7234967968158625,2.0,2.0,2.0,1.0,4.0,-1.198999999999999,0.0,4.0,6.0,0.0,1.0,0.0
1074,Acinetobacter baumannii,green_synthesis using Acinetobacter calcoaceticus,Ciprofloxacin,10.0,spherical,MIC,,0.125,16.0,Bacteria,Pseudomonadota,Gammaproteobacteria,Moraxellales,Moraxellaceae,Acinetobacter,Acinetobacter calcoaceticus/baumannii complex,n,36.0,37,2,urine,Quinolines,14.607685185185183,331.34700000000004,19.142215575448983,5.932587448237474,672746.5705685621,11.38067233274289,0.0,5.428790391900541,0.0,5.969305287951849,9.184952231746642,0.0,0.0,0.0,24.974377382775238,43.80393423887614,11.204086992299825,22.55961649471647,0.0,31.078935354500782,39.933577617251544,0.0,10.077801322358383,0.0,5.817220841045895,0.0,10.902924932081056,0.0,24.293599804124977,25.93115605767717,12.263210640074686,6.06636706846161,9.467009378641833,0.0,16.43241047808012,0.0,12.6196285019594,0.15943609851348062,-1.755300643086537,3.07809812505249,3.290533509700176,2.9606282188163506,0.0,1.0,2.0,2.0,2.0,4.0,1.5833,0.0,1.0,2.0,0.0,1.0,0.0
1075,Acinetobacter baumannii,green_synthesis using Acinetobacter calcoaceticus,Doxycycline,10.0,spherical,MIC,,0.015,0.5,Bacteria,Pseudomonadota,Gammaproteobacteria,Moraxellales,Moraxellaceae,Acinetobacter,Acinetobacter calcoaceticus/baumannii complex,n,36.0,37,2,urine,Tetracyclines,13.31702837616528,462.4550000000002,16.35438123868387,6.24508544694082,8427682.935942445,22.840946106665523,11.384295757348628,5.783244946364939,5.907179729351506,0.0,0.0,0.0,0.0,19.056471336613843,31.64306857167438,11.49101057623066,23.627164754754652,17.473669622081385,17.56947956948497,14.09534396535438,51.990542992229706,5.749511833283905,0.0,0.0,11.835812092322787,0.0,0.0,0.0,5.563451491696996,0.0,25.06162076466647,19.056471336613843,0.0,5.733667477162185,0.0,0.0,55.033717988394216,1.3628127161422192,-8.859922348441467,3.1664695181778963,-1.5895597127739987,1.6766898673049466,2.975209358409214,0.0,3.0,1.0,0.0,4.0,-1.1722999999999981,4.0,0.0,1.0,0.0,3.0,0.0
1076,Acinetobacter baumannii,green_synthesis using Acinetobacter calcoaceticus,Tetracycline,10.0,spherical,MIC,,0.015,4.0,Bacteria,Pseudomonadota,Gammaproteobacteria,Moraxellales,Moraxellaceae,Acinetobacter,Acinetobacter calcoaceticus/baumannii complex,n,36.0,37,2,urine,Tetracyclines,13.313695042831949,444.44000000000017,16.349699175563902,6.244441577254103,7541988.5274806805,22.840946106665523,11.384295757348628,5.783244946364939,5.907179729351506,0.0,0.0,0.0,0.0,12.13273413692322,39.06972134812962,17.408916622392056,17.206343131828646,17.473669622081385,17.56947956948497,14.09534396535438,51.990542992229706,5.749511833283905,0.0,0.0,11.835812092322787,0.0,0.0,0.0,0.0,0.0,44.11809210128031,0.0,0.0,5.733667477162185,0.0,0.0,55.036209694953385,-0.6537508730280199,-7.891260886171374,3.050557292176385,-0.1999820483749053,1.4026620895271686,3.062499607842321,0.0,3.0,1.0,0.0,4.0,-0.21439999999999837,4.0,0.0,1.0,0.0,3.0,0.0
1078,Acinetobacter baumannii,green_synthesis using Acinetobacter calcoaceticus,Trimethoprim,10.0,spherical,MIC,,0.015,4.0,Bacteria,Pseudomonadota,Gammaproteobacteria,Moraxellales,Moraxellaceae,Acinetobacter,Acinetobacter calcoaceticus/baumannii complex,n,36.0,37,2,urine,phenol ethers,5.848108465608465,290.32300000000004,16.52993347195911,5.550690334116603,52230.22737876032,5.817862777835028,11.49902366656781,11.6978511142704,0.0,0.0,4.9839785209472085,4.9839785209472085,0.0,0.0,17.696185628620217,18.18111668623608,21.3293926238326,11.766202058821523,0.0,32.796727578156975,29.456480691930288,17.248535499851716,11.766202058821523,0.0,0.0,0.0,0.0,0.0,29.48721990061275,11.126902983393991,0.0,27.526236195445676,12.13273413692322,25.67792381572452,15.924874707790472,0.0,0.0,13.050571864369664,2.228001325657803,3.7165684051398338,2.1425385015117158,0.0,4.703740547004436,0.0,0.0,2.0,0.0,2.0,1.2575999999999998,0.0,2.0,2.0,0.0,0.0,3.0
1079,Klebsiella aerogenes,green_synthesis using Acinetobacter calcoaceticus,Amikacin,10.0,spherical,MIC,,0.015,1.0,Bacteria,Pseudomonadota,Gammaproteobacteria,Enterobacterales,Enterobacteriaceae,Klebsiella/Raoultella group,Klebsiella,n,18.0,37,2,respiratory tract,Organooxygen compounds,12.578430739026395,585.6080000000002,16.72419482977286,5.803959385179921,351840389.6434164,67.14363026523132,12.580053458670426,5.907179729351506,0.0,0.0,0.0,0.0,0.0,0.0,19.386399651764595,12.586597235060536,18.69056362280884,5.907179729351506,22.93466990864874,19.696394776338067,0.0,0.0,0.0,0.0,0.0,0.0,0.0,0.0,0.0,0.0,0.0,0.0,0.0,41.88212172384894,22.508987749652608,0.0,84.8515698880727,23.07815814323158,-0.8451654705857445,-3.4543834318598456,-19.819150484244457,-0.8984471332932249,0.0,2.0,3.0,0.0,3.0,3.0,-8.424200000000015,8.0,0.0,0.0,0.0,0.0,4.0
1080,Klebsiella aerogenes,green_synthesis using Acinetobacter calcoaceticus,Gentamicin,10.0,spherical,MIC,,0.015,0.25,Bacteria,Pseudomonadota,Gammaproteobacteria,Enterobacterales,Enterobacteriaceae,Klebsiella/Raoultella group,Klebsiella,n,18.0,37,2,respiratory tract,Aminoglycoside ,11.129477946271102,477.60300000000035,16.71320241000861,5.015798641482701,12965995.530690867,30.016916361976897,12.580053458670426,0.0,0.0,0.0,0.0,0.0,0.0,0.0,47.205283233513654,18.12552248744388,24.794530010557143,0.0,17.201002431486554,20.702225929867296,0.0,0.0,0.0,0.0,0.0,0.0,0.0,0.0,12.841643245852019,6.4208216229260096,0.0,13.971409182367815,13.971409182367815,36.148454246686754,23.720991550922037,0.0,38.34001374191151,17.507355870220174,0.0,-2.1118188855886944,-4.221864506384813,3.5225569882466115,3.492765240673166,2.0,3.0,0.0,3.0,3.0,-3.327499999999995,3.0,0.0,0.0,0.0,0.0,4.0
1081,Klebsiella aerogenes,green_synthesis using Acinetobacter calcoaceticus,Kanamycin,10.0,spherical,MIC,,0.125,64.0,Bacteria,Pseudomonadota,Gammaproteobacteria,Enterobacterales,Enterobacteriaceae,Klebsiella/Raoultella group,Klebsiella,n,18.0,37,2,respiratory tract,Organooxygen compounds,10.934370590828925,484.50300000000016,16.723934420328636,5.009909437980697,13654838.446765736,61.039663877483015,12.580053458670426,0.0,0.0,0.0,0.0,0.0,0.0,0.0,6.4208216229260096,18.628438064208495,12.648722793660879,0.0,22.93466990864874,13.151638370425493,0.0,0.0,0.0,0.0,0.0,0.0,0.0,0.0,0.0,0.0,0.0,0.0,0.0,41.88212172384894,22.188645928553036,0.0,70.89126281071222,23.505097560217962,0.0,-2.8618546241042164,-16.459712694205745,-0.7634389811732607,0.0,2.0,3.0,0.0,3.0,3.0,-7.2914000000000065,7.0,0.0,0.0,0.0,0.0,4.0
1082,Klebsiella aerogenes,green_synthesis using Acinetobacter calcoaceticus,Amoxicillin,10.0,spherical,MIC,,2.0,1024.0,Bacteria,Pseudomonadota,Gammaproteobacteria,Enterobacterales,Enterobacteriaceae,Klebsiella/Raoultella group,Klebsiella,n,18.0,37,2,respiratory tract,Lactams,12.347538895187707,365.4110000000001,32.16690631043884,8.013148748605687,291485.62989158236,29.248907133696527,0.0,11.814359458703011,0.0,5.969305287951849,4.794537184071822,0.0,11.761884949391115,12.13273413692322,31.54366002800146,4.747022453217559,0.0,29.545549696045974,5.733667477162185,0.0,29.828919765543436,5.749511833283905,0.0,11.761884949391115,0.0,0.0,0.0,0.0,5.563451491696996,0.0,40.927262954088036,13.847474399381248,0.0,5.733667477162185,-0.6481045711443436,1.3530174446832093,20.864004624308485,6.4092400741160676,-1.9379691177460066,3.205759785982547,0.0,3.533958493288469,0.0,2.0,2.0,1.0,2.0,3.0,0.023700000000000443,0.0,0.0,1.0,0.0,1.0,0.0
1083,Klebsiella aerogenes,green_synthesis using Acinetobacter calcoaceticus,Ampicillin,10.0,spherical,MIC,,0.125,128.0,Bacteria,Pseudomonadota,Gammaproteobacteria,Enterobacterales,Enterobacteriaceae,Klebsiella/Raoultella group,Klebsiella,n,18.0,37,2,respiratory tract,Organoheterocyclic compounds,12.334172965482487,349.4120000000001,32.1669062252244,8.013147836891157,206112.98596074485,23.499395300412623,0.0,11.814359458703011,0.0,5.969305287951849,4.794537184071822,0.0,11.761884949391115,30.33183534230805,19.410925891078243,4.747022453217559,0.0,29.545549696045974,5.733667477162185,0.0,35.89528683400505,0.0,0.0,11.761884949391115,0.0,0.0,0.0,0.0,5.563451491696996,0.0,16.66179468024159,38.112942673227685,6.06636706846161,5.733667477162185,-0.6178732809698717,1.384119373057865,11.668857470784294,6.59329714138742,-1.8568691887784594,6.376417836304613,0.0,3.5766661417653483,0.0,2.0,2.0,1.0,2.0,3.0,0.3181000000000002,0.0,0.0,1.0,0.0,1.0,0.0
1084,Klebsiella aerogenes,green_synthesis using Acinetobacter calcoaceticus,Ceftazidime,10.0,spherical,MIC,,0.015,0.015,Bacteria,Pseudomonadota,Gammaproteobacteria,Enterobacterales,Enterobacteriaceae,Klebsiella/Raoultella group,Klebsiella,n,18.0,37,2,respiratory tract,Lactams,13.114328090055071,546.5870000000002,32.166681198615066,7.9983639133930895,130887863.90568937,17.10964163696516,29.78168703174876,5.601050810983688,11.814359458703011,5.969305287951849,14.345615352810384,0.0,23.098670827325854,11.22207979521215,13.847474399381248,28.838755044205193,11.666344601007683,57.6948843445426,5.15571272675054,11.486521083908974,52.93692295705045,0.0,5.131558479839333,23.098670827325854,0.0,0.0,0.0,0.0,11.325958136816055,16.236695608785215,30.98942211923828,29.093520927940727,6.06636706846161,10.571256060898818,1.7813433512507009,2.3200451049992044,28.365058705864,3.830931505999705,-4.0068662117945095,4.364278804086379,3.550427347358645,2.7432530473176975,0.0,2.0,2.0,2.0,1.0,4.0,-1.2991999999999946,0.0,2.0,4.0,0.0,1.0,0.0
1085,Klebsiella aerogenes,green_synthesis using Acinetobacter calcoaceticus,Ceftriaxone,10.0,spherical,MIC,,0.015,0.015,Bacteria,Pseudomonadota,Gammaproteobacteria,Enterobacterales,Enterobacteriaceae,Klebsiella/Raoultella group,Klebsiella,n,18.0,37,2,respiratory tract,Lactams,12.916804915913412,554.592,32.16802575616794,8.005513176288462,86964842.00764643,29.91647849129853,15.999679964430742,0.0,17.694347795138384,11.528572183003856,14.460318640164214,4.9839785209472085,28.197352635626892,16.917597676141654,5.573104530069267,23.933441966636682,0.0,63.48746400598187,12.20338470942773,24.3491722319333,32.69793868756331,5.879988336435371,5.131558479839333,34.860555776716964,0.0,0.0,0.0,0.0,5.573104530069267,27.99858055817633,35.98122017895694,0.0,0.0,10.571256060898818,1.1911059923735094,3.4097930208811835,30.32908056195552,4.9368402497316435,-3.0399098626612933,-0.9927050581226264,0.0,0.0,2.7234967968158625,2.0,2.0,2.0,1.0,4.0,-1.198999999999999,0.0,4.0,6.0,0.0,1.0,0.0
1086,Klebsiella aerogenes,green_synthesis using Acinetobacter calcoaceticus,Ciprofloxacin,10.0,spherical,MIC,,0.015,0.015,Bacteria,Pseudomonadota,Gammaproteobacteria,Enterobacterales,Enterobacteriaceae,Klebsiella/Raoultella group,Klebsiella,n,18.0,37,2,respiratory tract,Quinolines,14.607685185185183,331.34700000000004,19.142215575448983,5.932587448237474,672746.5705685621,11.38067233274289,0.0,5.428790391900541,0.0,5.969305287951849,9.184952231746642,0.0,0.0,0.0,24.974377382775238,43.80393423887614,11.204086992299825,22.55961649471647,0.0,31.078935354500782,39.933577617251544,0.0,10.077801322358383,0.0,5.817220841045895,0.0,10.902924932081056,0.0,24.293599804124977,25.93115605767717,12.263210640074686,6.06636706846161,9.467009378641833,0.0,16.43241047808012,0.0,12.6196285019594,0.15943609851348062,-1.755300643086537,3.07809812505249,3.290533509700176,2.9606282188163506,0.0,1.0,2.0,2.0,2.0,4.0,1.5833,0.0,1.0,2.0,0.0,1.0,0.0
1087,Klebsiella aerogenes,green_synthesis using Acinetobacter calcoaceticus,Doxycycline,10.0,spherical,MIC,,0.015,0.5,Bacteria,Pseudomonadota,Gammaproteobacteria,Enterobacterales,Enterobacteriaceae,Klebsiella/Raoultella group,Klebsiella,n,18.0,37,2,respiratory tract,Tetracyclines,13.31702837616528,462.4550000000002,16.35438123868387,6.24508544694082,8427682.935942445,22.840946106665523,11.384295757348628,5.783244946364939,5.907179729351506,0.0,0.0,0.0,0.0,19.056471336613843,31.64306857167438,11.49101057623066,23.627164754754652,17.473669622081385,17.56947956948497,14.09534396535438,51.990542992229706,5.749511833283905,0.0,0.0,11.835812092322787,0.0,0.0,0.0,5.563451491696996,0.0,25.06162076466647,19.056471336613843,0.0,5.733667477162185,0.0,0.0,55.033717988394216,1.3628127161422192,-8.859922348441467,3.1664695181778963,-1.5895597127739987,1.6766898673049466,2.975209358409214,0.0,3.0,1.0,0.0,4.0,-1.1722999999999981,4.0,0.0,1.0,0.0,3.0,0.0
1088,Klebsiella aerogenes,green_synthesis using Acinetobacter calcoaceticus,Tetracycline,10.0,spherical,MIC,,0.015,0.25,Bacteria,Pseudomonadota,Gammaproteobacteria,Enterobacterales,Enterobacteriaceae,Klebsiella/Raoultella group,Klebsiella,n,18.0,37,2,respiratory tract,Tetracyclines,13.313695042831949,444.44000000000017,16.349699175563902,6.244441577254103,7541988.5274806805,22.840946106665523,11.384295757348628,5.783244946364939,5.907179729351506,0.0,0.0,0.0,0.0,12.13273413692322,39.06972134812962,17.408916622392056,17.206343131828646,17.473669622081385,17.56947956948497,14.09534396535438,51.990542992229706,5.749511833283905,0.0,0.0,11.835812092322787,0.0,0.0,0.0,0.0,0.0,44.11809210128031,0.0,0.0,5.733667477162185,0.0,0.0,55.036209694953385,-0.6537508730280199,-7.891260886171374,3.050557292176385,-0.1999820483749053,1.4026620895271686,3.062499607842321,0.0,3.0,1.0,0.0,4.0,-0.21439999999999837,4.0,0.0,1.0,0.0,3.0,0.0
1089,Klebsiella aerogenes,green_synthesis using Acinetobacter calcoaceticus,Chloramphenicol,10.0,spherical,MIC,,0.015,1.0,Bacteria,Pseudomonadota,Gammaproteobacteria,Enterobacterales,Enterobacteriaceae,Klebsiella/Raoultella group,Klebsiella,n,18.0,37,2,respiratory tract,Benzene derivatives,11.304786365163348,323.13199999999995,35.53916852833981,6.530354842931773,20854.00404623344,6.103966387748303,4.836269690250055,0.0,11.594566004035068,0.0,0.0,0.0,0.0,23.20187978046503,17.696185628620217,12.13273413692322,17.57203384247855,34.7964457845001,0.0,6.606881964512918,39.94323803430901,0.0,5.687386274683562,23.20187978046503,10.114318268765572,0.0,0.0,0.0,5.563451491696996,0.0,24.26546827384644,0.0,0.0,28.30840717530574,0.0,10.701515153828765,31.946182154335563,0.16922162383471995,-0.7561620265390101,4.0536671005850895,-1.2529283194759382,-0.5511984284454523,0.0,0.0,0.0,1.0,0.0,1.0,0.9089999999999998,2.0,0.0,1.0,0.0,0.0,0.0
1090,Klebsiella aerogenes,green_synthesis using Acinetobacter calcoaceticus,Trimethoprim,10.0,spherical,MIC,,0.015,0.125,Bacteria,Pseudomonadota,Gammaproteobacteria,Enterobacterales,Enterobacteriaceae,Klebsiella/Raoultella group,Klebsiella,n,18.0,37,2,respiratory tract,phenol ethers,5.848108465608465,290.32300000000004,16.52993347195911,5.550690334116603,52230.22737876032,5.817862777835028,11.49902366656781,11.6978511142704,0.0,0.0,4.9839785209472085,4.9839785209472085,0.0,0.0,17.696185628620217,18.18111668623608,21.3293926238326,11.766202058821523,0.0,32.796727578156975,29.456480691930288,17.248535499851716,11.766202058821523,0.0,0.0,0.0,0.0,0.0,29.48721990061275,11.126902983393991,0.0,27.526236195445676,12.13273413692322,25.67792381572452,15.924874707790472,0.0,0.0,13.050571864369664,2.228001325657803,3.7165684051398338,2.1425385015117158,0.0,4.703740547004436,0.0,0.0,2.0,0.0,2.0,1.2575999999999998,0.0,2.0,2.0,0.0,0.0,3.0
1091,Pseudomonas aeruginosa,green_synthesis using Acinetobacter calcoaceticus,Amikacin,10.0,spherical,MIC,,0.015,0.5,Bacteria,Pseudomonadota,Gammaproteobacteria,Pseudomonadales,Pseudomonadaceae,Pseudomonas,Pseudomonas aeruginosa group,n,48.0,37,2,soil,Organooxygen compounds,12.578430739026395,585.6080000000002,16.72419482977286,5.803959385179921,351840389.6434164,67.14363026523132,12.580053458670426,5.907179729351506,0.0,0.0,0.0,0.0,0.0,0.0,19.386399651764595,12.586597235060536,18.69056362280884,5.907179729351506,22.93466990864874,19.696394776338067,0.0,0.0,0.0,0.0,0.0,0.0,0.0,0.0,0.0,0.0,0.0,0.0,0.0,41.88212172384894,22.508987749652608,0.0,84.8515698880727,23.07815814323158,-0.8451654705857445,-3.4543834318598456,-19.819150484244457,-0.8984471332932249,0.0,2.0,3.0,0.0,3.0,3.0,-8.424200000000015,8.0,0.0,0.0,0.0,0.0,4.0
1092,Pseudomonas aeruginosa,green_synthesis using Acinetobacter calcoaceticus,Gentamicin,10.0,spherical,MIC,,0.015,0.125,Bacteria,Pseudomonadota,Gammaproteobacteria,Pseudomonadales,Pseudomonadaceae,Pseudomonas,Pseudomonas aeruginosa group,n,48.0,37,2,soil,Aminoglycoside ,11.129477946271102,477.60300000000035,16.71320241000861,5.015798641482701,12965995.530690867,30.016916361976897,12.580053458670426,0.0,0.0,0.0,0.0,0.0,0.0,0.0,47.205283233513654,18.12552248744388,24.794530010557143,0.0,17.201002431486554,20.702225929867296,0.0,0.0,0.0,0.0,0.0,0.0,0.0,0.0,12.841643245852019,6.4208216229260096,0.0,13.971409182367815,13.971409182367815,36.148454246686754,23.720991550922037,0.0,38.34001374191151,17.507355870220174,0.0,-2.1118188855886944,-4.221864506384813,3.5225569882466115,3.492765240673166,2.0,3.0,0.0,3.0,3.0,-3.327499999999995,3.0,0.0,0.0,0.0,0.0,4.0
1093,Pseudomonas aeruginosa,green_synthesis using Acinetobacter calcoaceticus,Kanamycin,10.0,spherical,MIC,,2.0,512.0,Bacteria,Pseudomonadota,Gammaproteobacteria,Pseudomonadales,Pseudomonadaceae,Pseudomonas,Pseudomonas aeruginosa group,n,48.0,37,2,soil,Organooxygen compounds,10.934370590828925,484.50300000000016,16.723934420328636,5.009909437980697,13654838.446765736,61.039663877483015,12.580053458670426,0.0,0.0,0.0,0.0,0.0,0.0,0.0,6.4208216229260096,18.628438064208495,12.648722793660879,0.0,22.93466990864874,13.151638370425493,0.0,0.0,0.0,0.0,0.0,0.0,0.0,0.0,0.0,0.0,0.0,0.0,0.0,41.88212172384894,22.188645928553036,0.0,70.89126281071222,23.505097560217962,0.0,-2.8618546241042164,-16.459712694205745,-0.7634389811732607,0.0,2.0,3.0,0.0,3.0,3.0,-7.2914000000000065,7.0,0.0,0.0,0.0,0.0,4.0
1096,Pseudomonas aeruginosa,green_synthesis using Acinetobacter calcoaceticus,Ceftazidime,10.0,spherical,MIC,,0.015,0.5,Bacteria,Pseudomonadota,Gammaproteobacteria,Pseudomonadales,Pseudomonadaceae,Pseudomonas,Pseudomonas aeruginosa group,n,48.0,37,2,soil,Lactams,13.114328090055071,546.5870000000002,32.166681198615066,7.9983639133930895,130887863.90568937,17.10964163696516,29.78168703174876,5.601050810983688,11.814359458703011,5.969305287951849,14.345615352810384,0.0,23.098670827325854,11.22207979521215,13.847474399381248,28.838755044205193,11.666344601007683,57.6948843445426,5.15571272675054,11.486521083908974,52.93692295705045,0.0,5.131558479839333,23.098670827325854,0.0,0.0,0.0,0.0,11.325958136816055,16.236695608785215,30.98942211923828,29.093520927940727,6.06636706846161,10.571256060898818,1.7813433512507009,2.3200451049992044,28.365058705864,3.830931505999705,-4.0068662117945095,4.364278804086379,3.550427347358645,2.7432530473176975,0.0,2.0,2.0,2.0,1.0,4.0,-1.2991999999999946,0.0,2.0,4.0,0.0,1.0,0.0
1097,Pseudomonas aeruginosa,green_synthesis using Acinetobacter calcoaceticus,Ceftriaxone,10.0,spherical,MIC,,0.125,16.0,Bacteria,Pseudomonadota,Gammaproteobacteria,Pseudomonadales,Pseudomonadaceae,Pseudomonas,Pseudomonas aeruginosa group,n,48.0,37,2,soil,Lactams,12.916804915913412,554.592,32.16802575616794,8.005513176288462,86964842.00764643,29.91647849129853,15.999679964430742,0.0,17.694347795138384,11.528572183003856,14.460318640164214,4.9839785209472085,28.197352635626892,16.917597676141654,5.573104530069267,23.933441966636682,0.0,63.48746400598187,12.20338470942773,24.3491722319333,32.69793868756331,5.879988336435371,5.131558479839333,34.860555776716964,0.0,0.0,0.0,0.0,5.573104530069267,27.99858055817633,35.98122017895694,0.0,0.0,10.571256060898818,1.1911059923735094,3.4097930208811835,30.32908056195552,4.9368402497316435,-3.0399098626612933,-0.9927050581226264,0.0,0.0,2.7234967968158625,2.0,2.0,2.0,1.0,4.0,-1.198999999999999,0.0,4.0,6.0,0.0,1.0,0.0
1098,Pseudomonas aeruginosa,green_synthesis using Acinetobacter calcoaceticus,Ciprofloxacin,10.0,spherical,MIC,,0.015,0.03,Bacteria,Pseudomonadota,Gammaproteobacteria,Pseudomonadales,Pseudomonadaceae,Pseudomonas,Pseudomonas aeruginosa group,n,48.0,37,2,soil,Quinolines,14.607685185185183,331.34700000000004,19.142215575448983,5.932587448237474,672746.5705685621,11.38067233274289,0.0,5.428790391900541,0.0,5.969305287951849,9.184952231746642,0.0,0.0,0.0,24.974377382775238,43.80393423887614,11.204086992299825,22.55961649471647,0.0,31.078935354500782,39.933577617251544,0.0,10.077801322358383,0.0,5.817220841045895,0.0,10.902924932081056,0.0,24.293599804124977,25.93115605767717,12.263210640074686,6.06636706846161,9.467009378641833,0.0,16.43241047808012,0.0,12.6196285019594,0.15943609851348062,-1.755300643086537,3.07809812505249,3.290533509700176,2.9606282188163506,0.0,1.0,2.0,2.0,2.0,4.0,1.5833,0.0,1.0,2.0,0.0,1.0,0.0
1103,Shigella sonnei,green_synthesis using Acinetobacter calcoaceticus,Amikacin,10.0,spherical,MIC,,0.015,0.5,Bacteria,Pseudomonadota,Gammaproteobacteria,Enterobacterales,Enterobacteriaceae,Shigella,Shigella sonnei,n,54.0,37,2,water,Organooxygen compounds,12.578430739026395,585.6080000000002,16.72419482977286,5.803959385179921,351840389.6434164,67.14363026523132,12.580053458670426,5.907179729351506,0.0,0.0,0.0,0.0,0.0,0.0,19.386399651764595,12.586597235060536,18.69056362280884,5.907179729351506,22.93466990864874,19.696394776338067,0.0,0.0,0.0,0.0,0.0,0.0,0.0,0.0,0.0,0.0,0.0,0.0,0.0,41.88212172384894,22.508987749652608,0.0,84.8515698880727,23.07815814323158,-0.8451654705857445,-3.4543834318598456,-19.819150484244457,-0.8984471332932249,0.0,2.0,3.0,0.0,3.0,3.0,-8.424200000000015,8.0,0.0,0.0,0.0,0.0,4.0
1104,Shigella sonnei,green_synthesis using Acinetobacter calcoaceticus,Gentamicin,10.0,spherical,MIC,,0.015,0.06,Bacteria,Pseudomonadota,Gammaproteobacteria,Enterobacterales,Enterobacteriaceae,Shigella,Shigella sonnei,n,54.0,37,2,water,Aminoglycoside ,11.129477946271102,477.60300000000035,16.71320241000861,5.015798641482701,12965995.530690867,30.016916361976897,12.580053458670426,0.0,0.0,0.0,0.0,0.0,0.0,0.0,47.205283233513654,18.12552248744388,24.794530010557143,0.0,17.201002431486554,20.702225929867296,0.0,0.0,0.0,0.0,0.0,0.0,0.0,0.0,12.841643245852019,6.4208216229260096,0.0,13.971409182367815,13.971409182367815,36.148454246686754,23.720991550922037,0.0,38.34001374191151,17.507355870220174,0.0,-2.1118188855886944,-4.221864506384813,3.5225569882466115,3.492765240673166,2.0,3.0,0.0,3.0,3.0,-3.327499999999995,3.0,0.0,0.0,0.0,0.0,4.0
1105,Shigella sonnei,green_synthesis using Acinetobacter calcoaceticus,Kanamycin,10.0,spherical,MIC,,0.015,0.5,Bacteria,Pseudomonadota,Gammaproteobacteria,Enterobacterales,Enterobacteriaceae,Shigella,Shigella sonnei,n,54.0,37,2,water,Organooxygen compounds,10.934370590828925,484.50300000000016,16.723934420328636,5.009909437980697,13654838.446765736,61.039663877483015,12.580053458670426,0.0,0.0,0.0,0.0,0.0,0.0,0.0,6.4208216229260096,18.628438064208495,12.648722793660879,0.0,22.93466990864874,13.151638370425493,0.0,0.0,0.0,0.0,0.0,0.0,0.0,0.0,0.0,0.0,0.0,0.0,0.0,41.88212172384894,22.188645928553036,0.0,70.89126281071222,23.505097560217962,0.0,-2.8618546241042164,-16.459712694205745,-0.7634389811732607,0.0,2.0,3.0,0.0,3.0,3.0,-7.2914000000000065,7.0,0.0,0.0,0.0,0.0,4.0
1106,Shigella sonnei,green_synthesis using Acinetobacter calcoaceticus,Amoxicillin,10.0,spherical,MIC,,2.0,2048.0,Bacteria,Pseudomonadota,Gammaproteobacteria,Enterobacterales,Enterobacteriaceae,Shigella,Shigella sonnei,n,54.0,37,2,water,Lactams,12.347538895187707,365.4110000000001,32.16690631043884,8.013148748605687,291485.62989158236,29.248907133696527,0.0,11.814359458703011,0.0,5.969305287951849,4.794537184071822,0.0,11.761884949391115,12.13273413692322,31.54366002800146,4.747022453217559,0.0,29.545549696045974,5.733667477162185,0.0,29.828919765543436,5.749511833283905,0.0,11.761884949391115,0.0,0.0,0.0,0.0,5.563451491696996,0.0,40.927262954088036,13.847474399381248,0.0,5.733667477162185,-0.6481045711443436,1.3530174446832093,20.864004624308485,6.4092400741160676,-1.9379691177460066,3.205759785982547,0.0,3.533958493288469,0.0,2.0,2.0,1.0,2.0,3.0,0.023700000000000443,0.0,0.0,1.0,0.0,1.0,0.0
1107,Shigella sonnei,green_synthesis using Acinetobacter calcoaceticus,Ampicillin,10.0,spherical,MIC,,2.0,256.0,Bacteria,Pseudomonadota,Gammaproteobacteria,Enterobacterales,Enterobacteriaceae,Shigella,Shigella sonnei,n,54.0,37,2,water,Organoheterocyclic compounds,12.334172965482487,349.4120000000001,32.1669062252244,8.013147836891157,206112.98596074485,23.499395300412623,0.0,11.814359458703011,0.0,5.969305287951849,4.794537184071822,0.0,11.761884949391115,30.33183534230805,19.410925891078243,4.747022453217559,0.0,29.545549696045974,5.733667477162185,0.0,35.89528683400505,0.0,0.0,11.761884949391115,0.0,0.0,0.0,0.0,5.563451491696996,0.0,16.66179468024159,38.112942673227685,6.06636706846161,5.733667477162185,-0.6178732809698717,1.384119373057865,11.668857470784294,6.59329714138742,-1.8568691887784594,6.376417836304613,0.0,3.5766661417653483,0.0,2.0,2.0,1.0,2.0,3.0,0.3181000000000002,0.0,0.0,1.0,0.0,1.0,0.0
1108,Shigella sonnei,green_synthesis using Acinetobacter calcoaceticus,Ceftazidime,10.0,spherical,MIC,,0.125,1.0,Bacteria,Pseudomonadota,Gammaproteobacteria,Enterobacterales,Enterobacteriaceae,Shigella,Shigella sonnei,n,54.0,37,2,water,Lactams,13.114328090055071,546.5870000000002,32.166681198615066,7.9983639133930895,130887863.90568937,17.10964163696516,29.78168703174876,5.601050810983688,11.814359458703011,5.969305287951849,14.345615352810384,0.0,23.098670827325854,11.22207979521215,13.847474399381248,28.838755044205193,11.666344601007683,57.6948843445426,5.15571272675054,11.486521083908974,52.93692295705045,0.0,5.131558479839333,23.098670827325854,0.0,0.0,0.0,0.0,11.325958136816055,16.236695608785215,30.98942211923828,29.093520927940727,6.06636706846161,10.571256060898818,1.7813433512507009,2.3200451049992044,28.365058705864,3.830931505999705,-4.0068662117945095,4.364278804086379,3.550427347358645,2.7432530473176975,0.0,2.0,2.0,2.0,1.0,4.0,-1.2991999999999946,0.0,2.0,4.0,0.0,1.0,0.0
1109,Shigella sonnei,green_synthesis using Acinetobacter calcoaceticus,Ceftriaxone,10.0,spherical,MIC,,0.125,0.5,Bacteria,Pseudomonadota,Gammaproteobacteria,Enterobacterales,Enterobacteriaceae,Shigella,Shigella sonnei,n,54.0,37,2,water,Lactams,12.916804915913412,554.592,32.16802575616794,8.005513176288462,86964842.00764643,29.91647849129853,15.999679964430742,0.0,17.694347795138384,11.528572183003856,14.460318640164214,4.9839785209472085,28.197352635626892,16.917597676141654,5.573104530069267,23.933441966636682,0.0,63.48746400598187,12.20338470942773,24.3491722319333,32.69793868756331,5.879988336435371,5.131558479839333,34.860555776716964,0.0,0.0,0.0,0.0,5.573104530069267,27.99858055817633,35.98122017895694,0.0,0.0,10.571256060898818,1.1911059923735094,3.4097930208811835,30.32908056195552,4.9368402497316435,-3.0399098626612933,-0.9927050581226264,0.0,0.0,2.7234967968158625,2.0,2.0,2.0,1.0,4.0,-1.198999999999999,0.0,4.0,6.0,0.0,1.0,0.0
1110,Shigella sonnei,green_synthesis using Acinetobacter calcoaceticus,Ciprofloxacin,10.0,spherical,MIC,,0.015,0.015,Bacteria,Pseudomonadota,Gammaproteobacteria,Enterobacterales,Enterobacteriaceae,Shigella,Shigella sonnei,n,54.0,37,2,water,Quinolines,14.607685185185183,331.34700000000004,19.142215575448983,5.932587448237474,672746.5705685621,11.38067233274289,0.0,5.428790391900541,0.0,5.969305287951849,9.184952231746642,0.0,0.0,0.0,24.974377382775238,43.80393423887614,11.204086992299825,22.55961649471647,0.0,31.078935354500782,39.933577617251544,0.0,10.077801322358383,0.0,5.817220841045895,0.0,10.902924932081056,0.0,24.293599804124977,25.93115605767717,12.263210640074686,6.06636706846161,9.467009378641833,0.0,16.43241047808012,0.0,12.6196285019594,0.15943609851348062,-1.755300643086537,3.07809812505249,3.290533509700176,2.9606282188163506,0.0,1.0,2.0,2.0,2.0,4.0,1.5833,0.0,1.0,2.0,0.0,1.0,0.0
1111,Shigella sonnei,green_synthesis using Acinetobacter calcoaceticus,Doxycycline,10.0,spherical,MIC,,0.015,1.0,Bacteria,Pseudomonadota,Gammaproteobacteria,Enterobacterales,Enterobacteriaceae,Shigella,Shigella sonnei,n,54.0,37,2,water,Tetracyclines,13.31702837616528,462.4550000000002,16.35438123868387,6.24508544694082,8427682.935942445,22.840946106665523,11.384295757348628,5.783244946364939,5.907179729351506,0.0,0.0,0.0,0.0,19.056471336613843,31.64306857167438,11.49101057623066,23.627164754754652,17.473669622081385,17.56947956948497,14.09534396535438,51.990542992229706,5.749511833283905,0.0,0.0,11.835812092322787,0.0,0.0,0.0,5.563451491696996,0.0,25.06162076466647,19.056471336613843,0.0,5.733667477162185,0.0,0.0,55.033717988394216,1.3628127161422192,-8.859922348441467,3.1664695181778963,-1.5895597127739987,1.6766898673049466,2.975209358409214,0.0,3.0,1.0,0.0,4.0,-1.1722999999999981,4.0,0.0,1.0,0.0,3.0,0.0
1112,Shigella sonnei,green_synthesis using Acinetobacter calcoaceticus,Tetracycline,10.0,spherical,MIC,,0.015,2.0,Bacteria,Pseudomonadota,Gammaproteobacteria,Enterobacterales,Enterobacteriaceae,Shigella,Shigella sonnei,n,54.0,37,2,water,Tetracyclines,13.313695042831949,444.44000000000017,16.349699175563902,6.244441577254103,7541988.5274806805,22.840946106665523,11.384295757348628,5.783244946364939,5.907179729351506,0.0,0.0,0.0,0.0,12.13273413692322,39.06972134812962,17.408916622392056,17.206343131828646,17.473669622081385,17.56947956948497,14.09534396535438,51.990542992229706,5.749511833283905,0.0,0.0,11.835812092322787,0.0,0.0,0.0,0.0,0.0,44.11809210128031,0.0,0.0,5.733667477162185,0.0,0.0,55.036209694953385,-0.6537508730280199,-7.891260886171374,3.050557292176385,-0.1999820483749053,1.4026620895271686,3.062499607842321,0.0,3.0,1.0,0.0,4.0,-0.21439999999999837,4.0,0.0,1.0,0.0,3.0,0.0
1113,Shigella sonnei,green_synthesis using Acinetobacter calcoaceticus,Chloramphenicol,10.0,spherical,MIC,,0.015,2.0,Bacteria,Pseudomonadota,Gammaproteobacteria,Enterobacterales,Enterobacteriaceae,Shigella,Shigella sonnei,n,54.0,37,2,water,Benzene derivatives,11.304786365163348,323.13199999999995,35.53916852833981,6.530354842931773,20854.00404623344,6.103966387748303,4.836269690250055,0.0,11.594566004035068,0.0,0.0,0.0,0.0,23.20187978046503,17.696185628620217,12.13273413692322,17.57203384247855,34.7964457845001,0.0,6.606881964512918,39.94323803430901,0.0,5.687386274683562,23.20187978046503,10.114318268765572,0.0,0.0,0.0,5.563451491696996,0.0,24.26546827384644,0.0,0.0,28.30840717530574,0.0,10.701515153828765,31.946182154335563,0.16922162383471995,-0.7561620265390101,4.0536671005850895,-1.2529283194759382,-0.5511984284454523,0.0,0.0,0.0,1.0,0.0,1.0,0.9089999999999998,2.0,0.0,1.0,0.0,0.0,0.0
1114,Shigella sonnei,green_synthesis using Acinetobacter calcoaceticus,Trimethoprim,10.0,spherical,MIC,,2.0,128.0,Bacteria,Pseudomonadota,Gammaproteobacteria,Enterobacterales,Enterobacteriaceae,Shigella,Shigella sonnei,n,54.0,37,2,water,phenol ethers,5.848108465608465,290.32300000000004,16.52993347195911,5.550690334116603,52230.22737876032,5.817862777835028,11.49902366656781,11.6978511142704,0.0,0.0,4.9839785209472085,4.9839785209472085,0.0,0.0,17.696185628620217,18.18111668623608,21.3293926238326,11.766202058821523,0.0,32.796727578156975,29.456480691930288,17.248535499851716,11.766202058821523,0.0,0.0,0.0,0.0,0.0,29.48721990061275,11.126902983393991,0.0,27.526236195445676,12.13273413692322,25.67792381572452,15.924874707790472,0.0,0.0,13.050571864369664,2.228001325657803,3.7165684051398338,2.1425385015117158,0.0,4.703740547004436,0.0,0.0,2.0,0.0,2.0,1.2575999999999998,0.0,2.0,2.0,0.0,0.0,3.0
1115,Salmonella typhimurium,green_synthesis using Acinetobacter calcoaceticus,Amikacin,10.0,spherical,MIC,,0.015,1.0,Bacteria,Pseudomonadota,Gammaproteobacteria,Enterobacterales,Enterobacteriaceae,Salmonella,Salmonella enterica,n,39.0,37,2,meat,Organooxygen compounds,12.578430739026395,585.6080000000002,16.72419482977286,5.803959385179921,351840389.6434164,67.14363026523132,12.580053458670426,5.907179729351506,0.0,0.0,0.0,0.0,0.0,0.0,19.386399651764595,12.586597235060536,18.69056362280884,5.907179729351506,22.93466990864874,19.696394776338067,0.0,0.0,0.0,0.0,0.0,0.0,0.0,0.0,0.0,0.0,0.0,0.0,0.0,41.88212172384894,22.508987749652608,0.0,84.8515698880727,23.07815814323158,-0.8451654705857445,-3.4543834318598456,-19.819150484244457,-0.8984471332932249,0.0,2.0,3.0,0.0,3.0,3.0,-8.424200000000015,8.0,0.0,0.0,0.0,0.0,4.0
1116,Salmonella typhimurium,green_synthesis using Acinetobacter calcoaceticus,Gentamicin,10.0,spherical,MIC,,0.015,0.125,Bacteria,Pseudomonadota,Gammaproteobacteria,Enterobacterales,Enterobacteriaceae,Salmonella,Salmonella enterica,n,39.0,37,2,meat,Aminoglycoside ,11.129477946271102,477.60300000000035,16.71320241000861,5.015798641482701,12965995.530690867,30.016916361976897,12.580053458670426,0.0,0.0,0.0,0.0,0.0,0.0,0.0,47.205283233513654,18.12552248744388,24.794530010557143,0.0,17.201002431486554,20.702225929867296,0.0,0.0,0.0,0.0,0.0,0.0,0.0,0.0,12.841643245852019,6.4208216229260096,0.0,13.971409182367815,13.971409182367815,36.148454246686754,23.720991550922037,0.0,38.34001374191151,17.507355870220174,0.0,-2.1118188855886944,-4.221864506384813,3.5225569882466115,3.492765240673166,2.0,3.0,0.0,3.0,3.0,-3.327499999999995,3.0,0.0,0.0,0.0,0.0,4.0
1117,Salmonella typhimurium,green_synthesis using Acinetobacter calcoaceticus,Kanamycin,10.0,spherical,MIC,,0.015,0.5,Bacteria,Pseudomonadota,Gammaproteobacteria,Enterobacterales,Enterobacteriaceae,Salmonella,Salmonella enterica,n,39.0,37,2,meat,Organooxygen compounds,10.934370590828925,484.50300000000016,16.723934420328636,5.009909437980697,13654838.446765736,61.039663877483015,12.580053458670426,0.0,0.0,0.0,0.0,0.0,0.0,0.0,6.4208216229260096,18.628438064208495,12.648722793660879,0.0,22.93466990864874,13.151638370425493,0.0,0.0,0.0,0.0,0.0,0.0,0.0,0.0,0.0,0.0,0.0,0.0,0.0,41.88212172384894,22.188645928553036,0.0,70.89126281071222,23.505097560217962,0.0,-2.8618546241042164,-16.459712694205745,-0.7634389811732607,0.0,2.0,3.0,0.0,3.0,3.0,-7.2914000000000065,7.0,0.0,0.0,0.0,0.0,4.0
1119,Salmonella typhimurium,green_synthesis using Acinetobacter calcoaceticus,Ampicillin,10.0,spherical,MIC,,0.015,4.0,Bacteria,Pseudomonadota,Gammaproteobacteria,Enterobacterales,Enterobacteriaceae,Salmonella,Salmonella enterica,n,39.0,37,2,meat,Organoheterocyclic compounds,12.334172965482487,349.4120000000001,32.1669062252244,8.013147836891157,206112.98596074485,23.499395300412623,0.0,11.814359458703011,0.0,5.969305287951849,4.794537184071822,0.0,11.761884949391115,30.33183534230805,19.410925891078243,4.747022453217559,0.0,29.545549696045974,5.733667477162185,0.0,35.89528683400505,0.0,0.0,11.761884949391115,0.0,0.0,0.0,0.0,5.563451491696996,0.0,16.66179468024159,38.112942673227685,6.06636706846161,5.733667477162185,-0.6178732809698717,1.384119373057865,11.668857470784294,6.59329714138742,-1.8568691887784594,6.376417836304613,0.0,3.5766661417653483,0.0,2.0,2.0,1.0,2.0,3.0,0.3181000000000002,0.0,0.0,1.0,0.0,1.0,0.0
1120,Salmonella typhimurium,green_synthesis using Acinetobacter calcoaceticus,Ceftazidime,10.0,spherical,MIC,,0.015,0.03,Bacteria,Pseudomonadota,Gammaproteobacteria,Enterobacterales,Enterobacteriaceae,Salmonella,Salmonella enterica,n,39.0,37,2,meat,Lactams,13.114328090055071,546.5870000000002,32.166681198615066,7.9983639133930895,130887863.90568937,17.10964163696516,29.78168703174876,5.601050810983688,11.814359458703011,5.969305287951849,14.345615352810384,0.0,23.098670827325854,11.22207979521215,13.847474399381248,28.838755044205193,11.666344601007683,57.6948843445426,5.15571272675054,11.486521083908974,52.93692295705045,0.0,5.131558479839333,23.098670827325854,0.0,0.0,0.0,0.0,11.325958136816055,16.236695608785215,30.98942211923828,29.093520927940727,6.06636706846161,10.571256060898818,1.7813433512507009,2.3200451049992044,28.365058705864,3.830931505999705,-4.0068662117945095,4.364278804086379,3.550427347358645,2.7432530473176975,0.0,2.0,2.0,2.0,1.0,4.0,-1.2991999999999946,0.0,2.0,4.0,0.0,1.0,0.0
1121,Salmonella typhimurium,green_synthesis using Acinetobacter calcoaceticus,Ceftriaxone,10.0,spherical,MIC,,0.015,2.0,Bacteria,Pseudomonadota,Gammaproteobacteria,Enterobacterales,Enterobacteriaceae,Salmonella,Salmonella enterica,n,39.0,37,2,meat,Lactams,12.916804915913412,554.592,32.16802575616794,8.005513176288462,86964842.00764643,29.91647849129853,15.999679964430742,0.0,17.694347795138384,11.528572183003856,14.460318640164214,4.9839785209472085,28.197352635626892,16.917597676141654,5.573104530069267,23.933441966636682,0.0,63.48746400598187,12.20338470942773,24.3491722319333,32.69793868756331,5.879988336435371,5.131558479839333,34.860555776716964,0.0,0.0,0.0,0.0,5.573104530069267,27.99858055817633,35.98122017895694,0.0,0.0,10.571256060898818,1.1911059923735094,3.4097930208811835,30.32908056195552,4.9368402497316435,-3.0399098626612933,-0.9927050581226264,0.0,0.0,2.7234967968158625,2.0,2.0,2.0,1.0,4.0,-1.198999999999999,0.0,4.0,6.0,0.0,1.0,0.0
1122,Salmonella typhimurium,green_synthesis using Acinetobacter calcoaceticus,Ciprofloxacin,10.0,spherical,MIC,,0.015,0.06,Bacteria,Pseudomonadota,Gammaproteobacteria,Enterobacterales,Enterobacteriaceae,Salmonella,Salmonella enterica,n,39.0,37,2,meat,Quinolines,14.607685185185183,331.34700000000004,19.142215575448983,5.932587448237474,672746.5705685621,11.38067233274289,0.0,5.428790391900541,0.0,5.969305287951849,9.184952231746642,0.0,0.0,0.0,24.974377382775238,43.80393423887614,11.204086992299825,22.55961649471647,0.0,31.078935354500782,39.933577617251544,0.0,10.077801322358383,0.0,5.817220841045895,0.0,10.902924932081056,0.0,24.293599804124977,25.93115605767717,12.263210640074686,6.06636706846161,9.467009378641833,0.0,16.43241047808012,0.0,12.6196285019594,0.15943609851348062,-1.755300643086537,3.07809812505249,3.290533509700176,2.9606282188163506,0.0,1.0,2.0,2.0,2.0,4.0,1.5833,0.0,1.0,2.0,0.0,1.0,0.0
1123,Salmonella typhimurium,green_synthesis using Acinetobacter calcoaceticus,Doxycycline,10.0,spherical,MIC,,0.015,2.0,Bacteria,Pseudomonadota,Gammaproteobacteria,Enterobacterales,Enterobacteriaceae,Salmonella,Salmonella enterica,n,39.0,37,2,meat,Tetracyclines,13.31702837616528,462.4550000000002,16.35438123868387,6.24508544694082,8427682.935942445,22.840946106665523,11.384295757348628,5.783244946364939,5.907179729351506,0.0,0.0,0.0,0.0,19.056471336613843,31.64306857167438,11.49101057623066,23.627164754754652,17.473669622081385,17.56947956948497,14.09534396535438,51.990542992229706,5.749511833283905,0.0,0.0,11.835812092322787,0.0,0.0,0.0,5.563451491696996,0.0,25.06162076466647,19.056471336613843,0.0,5.733667477162185,0.0,0.0,55.033717988394216,1.3628127161422192,-8.859922348441467,3.1664695181778963,-1.5895597127739987,1.6766898673049466,2.975209358409214,0.0,3.0,1.0,0.0,4.0,-1.1722999999999981,4.0,0.0,1.0,0.0,3.0,0.0
1124,Salmonella typhimurium,green_synthesis using Acinetobacter calcoaceticus,Tetracycline,10.0,spherical,MIC,,0.015,4.0,Bacteria,Pseudomonadota,Gammaproteobacteria,Enterobacterales,Enterobacteriaceae,Salmonella,Salmonella enterica,n,39.0,37,2,meat,Tetracyclines,13.313695042831949,444.44000000000017,16.349699175563902,6.244441577254103,7541988.5274806805,22.840946106665523,11.384295757348628,5.783244946364939,5.907179729351506,0.0,0.0,0.0,0.0,12.13273413692322,39.06972134812962,17.408916622392056,17.206343131828646,17.473669622081385,17.56947956948497,14.09534396535438,51.990542992229706,5.749511833283905,0.0,0.0,11.835812092322787,0.0,0.0,0.0,0.0,0.0,44.11809210128031,0.0,0.0,5.733667477162185,0.0,0.0,55.036209694953385,-0.6537508730280199,-7.891260886171374,3.050557292176385,-0.1999820483749053,1.4026620895271686,3.062499607842321,0.0,3.0,1.0,0.0,4.0,-0.21439999999999837,4.0,0.0,1.0,0.0,3.0,0.0
1125,Salmonella typhimurium,green_synthesis using Acinetobacter calcoaceticus,Chloramphenicol,10.0,spherical,MIC,,0.015,2.0,Bacteria,Pseudomonadota,Gammaproteobacteria,Enterobacterales,Enterobacteriaceae,Salmonella,Salmonella enterica,n,39.0,37,2,meat,Benzene derivatives,11.304786365163348,323.13199999999995,35.53916852833981,6.530354842931773,20854.00404623344,6.103966387748303,4.836269690250055,0.0,11.594566004035068,0.0,0.0,0.0,0.0,23.20187978046503,17.696185628620217,12.13273413692322,17.57203384247855,34.7964457845001,0.0,6.606881964512918,39.94323803430901,0.0,5.687386274683562,23.20187978046503,10.114318268765572,0.0,0.0,0.0,5.563451491696996,0.0,24.26546827384644,0.0,0.0,28.30840717530574,0.0,10.701515153828765,31.946182154335563,0.16922162383471995,-0.7561620265390101,4.0536671005850895,-1.2529283194759382,-0.5511984284454523,0.0,0.0,0.0,1.0,0.0,1.0,0.9089999999999998,2.0,0.0,1.0,0.0,0.0,0.0
1126,Salmonella typhimurium,green_synthesis using Acinetobacter calcoaceticus,Trimethoprim,10.0,spherical,MIC,,0.015,0.125,Bacteria,Pseudomonadota,Gammaproteobacteria,Enterobacterales,Enterobacteriaceae,Salmonella,Salmonella enterica,n,39.0,37,2,meat,phenol ethers,5.848108465608465,290.32300000000004,16.52993347195911,5.550690334116603,52230.22737876032,5.817862777835028,11.49902366656781,11.6978511142704,0.0,0.0,4.9839785209472085,4.9839785209472085,0.0,0.0,17.696185628620217,18.18111668623608,21.3293926238326,11.766202058821523,0.0,32.796727578156975,29.456480691930288,17.248535499851716,11.766202058821523,0.0,0.0,0.0,0.0,0.0,29.48721990061275,11.126902983393991,0.0,27.526236195445676,12.13273413692322,25.67792381572452,15.924874707790472,0.0,0.0,13.050571864369664,2.228001325657803,3.7165684051398338,2.1425385015117158,0.0,4.703740547004436,0.0,0.0,2.0,0.0,2.0,1.2575999999999998,0.0,2.0,2.0,0.0,0.0,3.0
1127,Staphylococcus aureus,green_synthesis using Acinetobacter calcoaceticus,Amikacin,10.0,spherical,MIC,,0.015,1.0,Bacteria,Bacillota,Bacilli,Bacillales,Staphylococcaceae,Staphylococcus,Staphylococcus aureus,p,36.0,37,2,skin,Organooxygen compounds,12.578430739026395,585.6080000000002,16.72419482977286,5.803959385179921,351840389.6434164,67.14363026523132,12.580053458670426,5.907179729351506,0.0,0.0,0.0,0.0,0.0,0.0,19.386399651764595,12.586597235060536,18.69056362280884,5.907179729351506,22.93466990864874,19.696394776338067,0.0,0.0,0.0,0.0,0.0,0.0,0.0,0.0,0.0,0.0,0.0,0.0,0.0,41.88212172384894,22.508987749652608,0.0,84.8515698880727,23.07815814323158,-0.8451654705857445,-3.4543834318598456,-19.819150484244457,-0.8984471332932249,0.0,2.0,3.0,0.0,3.0,3.0,-8.424200000000015,8.0,0.0,0.0,0.0,0.0,4.0
1128,Staphylococcus aureus,green_synthesis using Acinetobacter calcoaceticus,Gentamicin,10.0,spherical,MIC,,0.015,0.125,Bacteria,Bacillota,Bacilli,Bacillales,Staphylococcaceae,Staphylococcus,Staphylococcus aureus,p,36.0,37,2,skin,Aminoglycoside ,11.129477946271102,477.60300000000035,16.71320241000861,5.015798641482701,12965995.530690867,30.016916361976897,12.580053458670426,0.0,0.0,0.0,0.0,0.0,0.0,0.0,47.205283233513654,18.12552248744388,24.794530010557143,0.0,17.201002431486554,20.702225929867296,0.0,0.0,0.0,0.0,0.0,0.0,0.0,0.0,12.841643245852019,6.4208216229260096,0.0,13.971409182367815,13.971409182367815,36.148454246686754,23.720991550922037,0.0,38.34001374191151,17.507355870220174,0.0,-2.1118188855886944,-4.221864506384813,3.5225569882466115,3.492765240673166,2.0,3.0,0.0,3.0,3.0,-3.327499999999995,3.0,0.0,0.0,0.0,0.0,4.0
1129,Staphylococcus aureus,green_synthesis using Acinetobacter calcoaceticus,Kanamycin,10.0,spherical,MIC,,0.015,1.0,Bacteria,Bacillota,Bacilli,Bacillales,Staphylococcaceae,Staphylococcus,Staphylococcus aureus,p,36.0,37,2,skin,Organooxygen compounds,10.934370590828925,484.50300000000016,16.723934420328636,5.009909437980697,13654838.446765736,61.039663877483015,12.580053458670426,0.0,0.0,0.0,0.0,0.0,0.0,0.0,6.4208216229260096,18.628438064208495,12.648722793660879,0.0,22.93466990864874,13.151638370425493,0.0,0.0,0.0,0.0,0.0,0.0,0.0,0.0,0.0,0.0,0.0,0.0,0.0,41.88212172384894,22.188645928553036,0.0,70.89126281071222,23.505097560217962,0.0,-2.8618546241042164,-16.459712694205745,-0.7634389811732607,0.0,2.0,3.0,0.0,3.0,3.0,-7.2914000000000065,7.0,0.0,0.0,0.0,0.0,4.0
1130,Staphylococcus aureus,green_synthesis using Acinetobacter calcoaceticus,Amoxicillin,10.0,spherical,MIC,,16.0,2048.0,Bacteria,Bacillota,Bacilli,Bacillales,Staphylococcaceae,Staphylococcus,Staphylococcus aureus,p,36.0,37,2,skin,Lactams,12.347538895187707,365.4110000000001,32.16690631043884,8.013148748605687,291485.62989158236,29.248907133696527,0.0,11.814359458703011,0.0,5.969305287951849,4.794537184071822,0.0,11.761884949391115,12.13273413692322,31.54366002800146,4.747022453217559,0.0,29.545549696045974,5.733667477162185,0.0,29.828919765543436,5.749511833283905,0.0,11.761884949391115,0.0,0.0,0.0,0.0,5.563451491696996,0.0,40.927262954088036,13.847474399381248,0.0,5.733667477162185,-0.6481045711443436,1.3530174446832093,20.864004624308485,6.4092400741160676,-1.9379691177460066,3.205759785982547,0.0,3.533958493288469,0.0,2.0,2.0,1.0,2.0,3.0,0.023700000000000443,0.0,0.0,1.0,0.0,1.0,0.0
1131,Staphylococcus aureus,green_synthesis using Acinetobacter calcoaceticus,Ampicillin,10.0,spherical,MIC,,8.0,128.0,Bacteria,Bacillota,Bacilli,Bacillales,Staphylococcaceae,Staphylococcus,Staphylococcus aureus,p,36.0,37,2,skin,Organoheterocyclic compounds,12.334172965482487,349.4120000000001,32.1669062252244,8.013147836891157,206112.98596074485,23.499395300412623,0.0,11.814359458703011,0.0,5.969305287951849,4.794537184071822,0.0,11.761884949391115,30.33183534230805,19.410925891078243,4.747022453217559,0.0,29.545549696045974,5.733667477162185,0.0,35.89528683400505,0.0,0.0,11.761884949391115,0.0,0.0,0.0,0.0,5.563451491696996,0.0,16.66179468024159,38.112942673227685,6.06636706846161,5.733667477162185,-0.6178732809698717,1.384119373057865,11.668857470784294,6.59329714138742,-1.8568691887784594,6.376417836304613,0.0,3.5766661417653483,0.0,2.0,2.0,1.0,2.0,3.0,0.3181000000000002,0.0,0.0,1.0,0.0,1.0,0.0
1132,Staphylococcus aureus,green_synthesis using Acinetobacter calcoaceticus,Penicillin,10.0,spherical,MIC,,0.015,512.0,Bacteria,Bacillota,Bacilli,Bacillales,Staphylococcaceae,Staphylococcus,Staphylococcus aureus,p,36.0,37,2,skin,Carboxylic acids and derivatives,12.240541068279164,372.4870000000001,25.207673885808145,6.828514093053763,129114.72313101777,11.4157136421167,0.0,11.814359458703011,0.0,51.38453490628663,0.0,0.0,11.761884949391115,30.33183534230805,19.410925891078243,4.747022453217559,18.43196774002582,29.545549696045974,0.0,0.0,35.89528683400505,0.0,0.0,11.761884949391115,0.0,0.0,0.0,0.0,0.0,5.563451491696996,16.66179468024159,13.847474399381248,30.33183534230805,0.0,-0.6408058915140893,1.3837074305030652,13.688867856578966,0.8617091967960027,-1.860551030342245,7.609196356195676,0.18979583963214886,3.540840524481397,0.0,2.0,2.0,1.0,2.0,3.0,-3.4698999999999973,0.0,0.0,1.0,0.0,1.0,0.0
1133,Staphylococcus aureus,green_synthesis using Acinetobacter calcoaceticus,Ceftazidime,10.0,spherical,MIC,,0.06,0.06,Bacteria,Bacillota,Bacilli,Bacillales,Staphylococcaceae,Staphylococcus,Staphylococcus aureus,p,36.0,37,2,skin,Lactams,13.114328090055071,546.5870000000002,32.166681198615066,7.9983639133930895,130887863.90568937,17.10964163696516,29.78168703174876,5.601050810983688,11.814359458703011,5.969305287951849,14.345615352810384,0.0,23.098670827325854,11.22207979521215,13.847474399381248,28.838755044205193,11.666344601007683,57.6948843445426,5.15571272675054,11.486521083908974,52.93692295705045,0.0,5.131558479839333,23.098670827325854,0.0,0.0,0.0,0.0,11.325958136816055,16.236695608785215,30.98942211923828,29.093520927940727,6.06636706846161,10.571256060898818,1.7813433512507009,2.3200451049992044,28.365058705864,3.830931505999705,-4.0068662117945095,4.364278804086379,3.550427347358645,2.7432530473176975,0.0,2.0,2.0,2.0,1.0,4.0,-1.2991999999999946,0.0,2.0,4.0,0.0,1.0,0.0
1134,Staphylococcus aureus,green_synthesis using Acinetobacter calcoaceticus,Ceftriaxone,10.0,spherical,MIC,,0.06,0.125,Bacteria,Bacillota,Bacilli,Bacillales,Staphylococcaceae,Staphylococcus,Staphylococcus aureus,p,36.0,37,2,skin,Lactams,12.916804915913412,554.592,32.16802575616794,8.005513176288462,86964842.00764643,29.91647849129853,15.999679964430742,0.0,17.694347795138384,11.528572183003856,14.460318640164214,4.9839785209472085,28.197352635626892,16.917597676141654,5.573104530069267,23.933441966636682,0.0,63.48746400598187,12.20338470942773,24.3491722319333,32.69793868756331,5.879988336435371,5.131558479839333,34.860555776716964,0.0,0.0,0.0,0.0,5.573104530069267,27.99858055817633,35.98122017895694,0.0,0.0,10.571256060898818,1.1911059923735094,3.4097930208811835,30.32908056195552,4.9368402497316435,-3.0399098626612933,-0.9927050581226264,0.0,0.0,2.7234967968158625,2.0,2.0,2.0,1.0,4.0,-1.198999999999999,0.0,4.0,6.0,0.0,1.0,0.0
1135,Staphylococcus aureus,green_synthesis using Acinetobacter calcoaceticus,Vancomycin,10.0,spherical,MIC,,64.0,512.0,Bacteria,Bacillota,Bacilli,Bacillales,Staphylococcaceae,Staphylococcus,Staphylococcus aureus,p,36.0,37,2,skin,carboxylic acids,16.017214138834966,1449.2710000000004,35.4967930759403,6.321583236316157,1.2011332476804883e+25,89.47659525090083,29.934857612799288,53.389796668079654,0.0,5.969305287951849,4.794537184071822,0.0,0.0,55.24845538523111,110.08498363408832,34.71646841886195,41.32274381956614,70.52144317387742,17.385241000485763,13.654553947190108,116.72529597596859,57.12299764966523,0.0,23.20187978046503,5.917906046161393,10.045266627482652,11.126902983393991,14.383611552215466,0.0,66.73003775307771,33.02788051898166,0.0,13.847474399381248,63.090392457589694,38.297719817048595,14.104060618953639,130.50687133113217,8.003711425926706,-15.9867848461044,-0.6786651744934149,-18.55014789207184,5.659418699136037,1.4723086925515987,7.0,7.0,5.0,2.0,12.0,0.10620000000000512,6.0,0.0,0.0,0.0,15.0,6.0
1136,Staphylococcus aureus,green_synthesis using Acinetobacter calcoaceticus,Ciprofloxacin,10.0,spherical,MIC,,0.015,0.015,Bacteria,Bacillota,Bacilli,Bacillales,Staphylococcaceae,Staphylococcus,Staphylococcus aureus,p,36.0,37,2,skin,Quinolines,14.607685185185183,331.34700000000004,19.142215575448983,5.932587448237474,672746.5705685621,11.38067233274289,0.0,5.428790391900541,0.0,5.969305287951849,9.184952231746642,0.0,0.0,0.0,24.974377382775238,43.80393423887614,11.204086992299825,22.55961649471647,0.0,31.078935354500782,39.933577617251544,0.0,10.077801322358383,0.0,5.817220841045895,0.0,10.902924932081056,0.0,24.293599804124977,25.93115605767717,12.263210640074686,6.06636706846161,9.467009378641833,0.0,16.43241047808012,0.0,12.6196285019594,0.15943609851348062,-1.755300643086537,3.07809812505249,3.290533509700176,2.9606282188163506,0.0,1.0,2.0,2.0,2.0,4.0,1.5833,0.0,1.0,2.0,0.0,1.0,0.0
1137,Staphylococcus aureus,green_synthesis using Acinetobacter calcoaceticus,Doxycycline,10.0,spherical,MIC,,0.5,4.0,Bacteria,Bacillota,Bacilli,Bacillales,Staphylococcaceae,Staphylococcus,Staphylococcus aureus,p,36.0,37,2,skin,Tetracyclines,13.31702837616528,462.4550000000002,16.35438123868387,6.24508544694082,8427682.935942445,22.840946106665523,11.384295757348628,5.783244946364939,5.907179729351506,0.0,0.0,0.0,0.0,19.056471336613843,31.64306857167438,11.49101057623066,23.627164754754652,17.473669622081385,17.56947956948497,14.09534396535438,51.990542992229706,5.749511833283905,0.0,0.0,11.835812092322787,0.0,0.0,0.0,5.563451491696996,0.0,25.06162076466647,19.056471336613843,0.0,5.733667477162185,0.0,0.0,55.033717988394216,1.3628127161422192,-8.859922348441467,3.1664695181778963,-1.5895597127739987,1.6766898673049466,2.975209358409214,0.0,3.0,1.0,0.0,4.0,-1.1722999999999981,4.0,0.0,1.0,0.0,3.0,0.0
1138,Staphylococcus aureus,green_synthesis using Acinetobacter calcoaceticus,Tetracycline,10.0,spherical,MIC,,0.25,2.0,Bacteria,Bacillota,Bacilli,Bacillales,Staphylococcaceae,Staphylococcus,Staphylococcus aureus,p,36.0,37,2,skin,Tetracyclines,13.313695042831949,444.44000000000017,16.349699175563902,6.244441577254103,7541988.5274806805,22.840946106665523,11.384295757348628,5.783244946364939,5.907179729351506,0.0,0.0,0.0,0.0,12.13273413692322,39.06972134812962,17.408916622392056,17.206343131828646,17.473669622081385,17.56947956948497,14.09534396535438,51.990542992229706,5.749511833283905,0.0,0.0,11.835812092322787,0.0,0.0,0.0,0.0,0.0,44.11809210128031,0.0,0.0,5.733667477162185,0.0,0.0,55.036209694953385,-0.6537508730280199,-7.891260886171374,3.050557292176385,-0.1999820483749053,1.4026620895271686,3.062499607842321,0.0,3.0,1.0,0.0,4.0,-0.21439999999999837,4.0,0.0,1.0,0.0,3.0,0.0
1139,Staphylococcus aureus,green_synthesis using Acinetobacter calcoaceticus,Chloramphenicol,10.0,spherical,MIC,,128.0,512.0,Bacteria,Bacillota,Bacilli,Bacillales,Staphylococcaceae,Staphylococcus,Staphylococcus aureus,p,36.0,37,2,skin,Benzene derivatives,11.304786365163348,323.13199999999995,35.53916852833981,6.530354842931773,20854.00404623344,6.103966387748303,4.836269690250055,0.0,11.594566004035068,0.0,0.0,0.0,0.0,23.20187978046503,17.696185628620217,12.13273413692322,17.57203384247855,34.7964457845001,0.0,6.606881964512918,39.94323803430901,0.0,5.687386274683562,23.20187978046503,10.114318268765572,0.0,0.0,0.0,5.563451491696996,0.0,24.26546827384644,0.0,0.0,28.30840717530574,0.0,10.701515153828765,31.946182154335563,0.16922162383471995,-0.7561620265390101,4.0536671005850895,-1.2529283194759382,-0.5511984284454523,0.0,0.0,0.0,1.0,0.0,1.0,0.9089999999999998,2.0,0.0,1.0,0.0,0.0,0.0
1140,Staphylococcus aureus,green_synthesis using Acinetobacter calcoaceticus,Trimethoprim,10.0,spherical,MIC,,0.06,0.25,Bacteria,Bacillota,Bacilli,Bacillales,Staphylococcaceae,Staphylococcus,Staphylococcus aureus,p,36.0,37,2,skin,phenol ethers,5.848108465608465,290.32300000000004,16.52993347195911,5.550690334116603,52230.22737876032,5.817862777835028,11.49902366656781,11.6978511142704,0.0,0.0,4.9839785209472085,4.9839785209472085,0.0,0.0,17.696185628620217,18.18111668623608,21.3293926238326,11.766202058821523,0.0,32.796727578156975,29.456480691930288,17.248535499851716,11.766202058821523,0.0,0.0,0.0,0.0,0.0,29.48721990061275,11.126902983393991,0.0,27.526236195445676,12.13273413692322,25.67792381572452,15.924874707790472,0.0,0.0,13.050571864369664,2.228001325657803,3.7165684051398338,2.1425385015117158,0.0,4.703740547004436,0.0,0.0,2.0,0.0,2.0,1.2575999999999998,0.0,2.0,2.0,0.0,0.0,3.0
1141,Streptococcus mutans,green_synthesis using Acinetobacter calcoaceticus,Ampicillin,10.0,spherical,MIC,,2.0,64.0,Bacteria,Bacillota,Bacilli,Lactobacillales,Streptococcaceae,Streptococcus,Streptococcus mutans,p,36.0,37,2,carious dentine,Organoheterocyclic compounds,12.334172965482487,349.4120000000001,32.1669062252244,8.013147836891157,206112.98596074485,23.499395300412623,0.0,11.814359458703011,0.0,5.969305287951849,4.794537184071822,0.0,11.761884949391115,30.33183534230805,19.410925891078243,4.747022453217559,0.0,29.545549696045974,5.733667477162185,0.0,35.89528683400505,0.0,0.0,11.761884949391115,0.0,0.0,0.0,0.0,5.563451491696996,0.0,16.66179468024159,38.112942673227685,6.06636706846161,5.733667477162185,-0.6178732809698717,1.384119373057865,11.668857470784294,6.59329714138742,-1.8568691887784594,6.376417836304613,0.0,3.5766661417653483,0.0,2.0,2.0,1.0,2.0,3.0,0.3181000000000002,0.0,0.0,1.0,0.0,1.0,0.0
1142,Streptococcus mutans,green_synthesis using Acinetobacter calcoaceticus,Penicillin,10.0,spherical,MIC,,2.0,128.0,Bacteria,Bacillota,Bacilli,Lactobacillales,Streptococcaceae,Streptococcus,Streptococcus mutans,p,36.0,37,2,carious dentine,Carboxylic acids and derivatives,12.240541068279164,372.4870000000001,25.207673885808145,6.828514093053763,129114.72313101777,11.4157136421167,0.0,11.814359458703011,0.0,51.38453490628663,0.0,0.0,11.761884949391115,30.33183534230805,19.410925891078243,4.747022453217559,18.43196774002582,29.545549696045974,0.0,0.0,35.89528683400505,0.0,0.0,11.761884949391115,0.0,0.0,0.0,0.0,0.0,5.563451491696996,16.66179468024159,13.847474399381248,30.33183534230805,0.0,-0.6408058915140893,1.3837074305030652,13.688867856578966,0.8617091967960027,-1.860551030342245,7.609196356195676,0.18979583963214886,3.540840524481397,0.0,2.0,2.0,1.0,2.0,3.0,-3.4698999999999973,0.0,0.0,1.0,0.0,1.0,0.0
1143,Streptococcus mutans,green_synthesis using Acinetobacter calcoaceticus,Ceftazidime,10.0,spherical,MIC,,0.015,16.0,Bacteria,Bacillota,Bacilli,Lactobacillales,Streptococcaceae,Streptococcus,Streptococcus mutans,p,36.0,37,2,carious dentine,Lactams,13.114328090055071,546.5870000000002,32.166681198615066,7.9983639133930895,130887863.90568937,17.10964163696516,29.78168703174876,5.601050810983688,11.814359458703011,5.969305287951849,14.345615352810384,0.0,23.098670827325854,11.22207979521215,13.847474399381248,28.838755044205193,11.666344601007683,57.6948843445426,5.15571272675054,11.486521083908974,52.93692295705045,0.0,5.131558479839333,23.098670827325854,0.0,0.0,0.0,0.0,11.325958136816055,16.236695608785215,30.98942211923828,29.093520927940727,6.06636706846161,10.571256060898818,1.7813433512507009,2.3200451049992044,28.365058705864,3.830931505999705,-4.0068662117945095,4.364278804086379,3.550427347358645,2.7432530473176975,0.0,2.0,2.0,2.0,1.0,4.0,-1.2991999999999946,0.0,2.0,4.0,0.0,1.0,0.0
1144,Streptococcus mutans,green_synthesis using Acinetobacter calcoaceticus,Ceftriaxone,10.0,spherical,MIC,,0.015,2.0,Bacteria,Bacillota,Bacilli,Lactobacillales,Streptococcaceae,Streptococcus,Streptococcus mutans,p,36.0,37,2,carious dentine,Lactams,12.916804915913412,554.592,32.16802575616794,8.005513176288462,86964842.00764643,29.91647849129853,15.999679964430742,0.0,17.694347795138384,11.528572183003856,14.460318640164214,4.9839785209472085,28.197352635626892,16.917597676141654,5.573104530069267,23.933441966636682,0.0,63.48746400598187,12.20338470942773,24.3491722319333,32.69793868756331,5.879988336435371,5.131558479839333,34.860555776716964,0.0,0.0,0.0,0.0,5.573104530069267,27.99858055817633,35.98122017895694,0.0,0.0,10.571256060898818,1.1911059923735094,3.4097930208811835,30.32908056195552,4.9368402497316435,-3.0399098626612933,-0.9927050581226264,0.0,0.0,2.7234967968158625,2.0,2.0,2.0,1.0,4.0,-1.198999999999999,0.0,4.0,6.0,0.0,1.0,0.0
1145,Streptococcus mutans,green_synthesis using Acinetobacter calcoaceticus,Vancomycin,10.0,spherical,MIC,,0.125,4.0,Bacteria,Bacillota,Bacilli,Lactobacillales,Streptococcaceae,Streptococcus,Streptococcus mutans,p,36.0,37,2,carious dentine,carboxylic acids,16.017214138834966,1449.2710000000004,35.4967930759403,6.321583236316157,1.2011332476804883e+25,89.47659525090083,29.934857612799288,53.389796668079654,0.0,5.969305287951849,4.794537184071822,0.0,0.0,55.24845538523111,110.08498363408832,34.71646841886195,41.32274381956614,70.52144317387742,17.385241000485763,13.654553947190108,116.72529597596859,57.12299764966523,0.0,23.20187978046503,5.917906046161393,10.045266627482652,11.126902983393991,14.383611552215466,0.0,66.73003775307771,33.02788051898166,0.0,13.847474399381248,63.090392457589694,38.297719817048595,14.104060618953639,130.50687133113217,8.003711425926706,-15.9867848461044,-0.6786651744934149,-18.55014789207184,5.659418699136037,1.4723086925515987,7.0,7.0,5.0,2.0,12.0,0.10620000000000512,6.0,0.0,0.0,0.0,15.0,6.0
1146,Streptococcus mutans,green_synthesis using Acinetobacter calcoaceticus,Tetracycline,10.0,spherical,MIC,,0.015,1.0,Bacteria,Bacillota,Bacilli,Lactobacillales,Streptococcaceae,Streptococcus,Streptococcus mutans,p,36.0,37,2,carious dentine,Tetracyclines,13.313695042831949,444.44000000000017,16.349699175563902,6.244441577254103,7541988.5274806805,22.840946106665523,11.384295757348628,5.783244946364939,5.907179729351506,0.0,0.0,0.0,0.0,12.13273413692322,39.06972134812962,17.408916622392056,17.206343131828646,17.473669622081385,17.56947956948497,14.09534396535438,51.990542992229706,5.749511833283905,0.0,0.0,11.835812092322787,0.0,0.0,0.0,0.0,0.0,44.11809210128031,0.0,0.0,5.733667477162185,0.0,0.0,55.036209694953385,-0.6537508730280199,-7.891260886171374,3.050557292176385,-0.1999820483749053,1.4026620895271686,3.062499607842321,0.0,3.0,1.0,0.0,4.0,-0.21439999999999837,4.0,0.0,1.0,0.0,3.0,0.0
1147,Streptococcus mutans,green_synthesis using Acinetobacter calcoaceticus,Chloramphenicol,10.0,spherical,MIC,,0.015,2.0,Bacteria,Bacillota,Bacilli,Lactobacillales,Streptococcaceae,Streptococcus,Streptococcus mutans,p,36.0,37,2,carious dentine,Benzene derivatives,11.304786365163348,323.13199999999995,35.53916852833981,6.530354842931773,20854.00404623344,6.103966387748303,4.836269690250055,0.0,11.594566004035068,0.0,0.0,0.0,0.0,23.20187978046503,17.696185628620217,12.13273413692322,17.57203384247855,34.7964457845001,0.0,6.606881964512918,39.94323803430901,0.0,5.687386274683562,23.20187978046503,10.114318268765572,0.0,0.0,0.0,5.563451491696996,0.0,24.26546827384644,0.0,0.0,28.30840717530574,0.0,10.701515153828765,31.946182154335563,0.16922162383471995,-0.7561620265390101,4.0536671005850895,-1.2529283194759382,-0.5511984284454523,0.0,0.0,0.0,1.0,0.0,1.0,0.9089999999999998,2.0,0.0,1.0,0.0,0.0,0.0
1148,Streptococcus mutans,green_synthesis using Acinetobacter calcoaceticus,Trimethoprim,10.0,spherical,MIC,,0.015,2.0,Bacteria,Bacillota,Bacilli,Lactobacillales,Streptococcaceae,Streptococcus,Streptococcus mutans,p,36.0,37,2,carious dentine,phenol ethers,5.848108465608465,290.32300000000004,16.52993347195911,5.550690334116603,52230.22737876032,5.817862777835028,11.49902366656781,11.6978511142704,0.0,0.0,4.9839785209472085,4.9839785209472085,0.0,0.0,17.696185628620217,18.18111668623608,21.3293926238326,11.766202058821523,0.0,32.796727578156975,29.456480691930288,17.248535499851716,11.766202058821523,0.0,0.0,0.0,0.0,0.0,29.48721990061275,11.126902983393991,0.0,27.526236195445676,12.13273413692322,25.67792381572452,15.924874707790472,0.0,0.0,13.050571864369664,2.228001325657803,3.7165684051398338,2.1425385015117158,0.0,4.703740547004436,0.0,0.0,2.0,0.0,2.0,1.2575999999999998,0.0,2.0,2.0,0.0,0.0,3.0
1205,Escherichia coli,green_synthesis using Acinetobacter calcoaceticus,Amikacin,10.0,spherical,MBC,,0.015,1.0,Bacteria,Pseudomonadota,Gammaproteobacteria,Enterobacterales,Enterobacteriaceae,Escherichia,Escherichia coli,n,84.0,37,2,urine,Organooxygen compounds,12.578430739026395,585.6080000000002,16.72419482977286,5.803959385179921,351840389.6434164,67.14363026523132,12.580053458670426,5.907179729351506,0.0,0.0,0.0,0.0,0.0,0.0,19.386399651764595,12.586597235060536,18.69056362280884,5.907179729351506,22.93466990864874,19.696394776338067,0.0,0.0,0.0,0.0,0.0,0.0,0.0,0.0,0.0,0.0,0.0,0.0,0.0,41.88212172384894,22.508987749652608,0.0,84.8515698880727,23.07815814323158,-0.8451654705857445,-3.4543834318598456,-19.819150484244457,-0.8984471332932249,0.0,2.0,3.0,0.0,3.0,3.0,-8.424200000000015,8.0,0.0,0.0,0.0,0.0,4.0
1206,Escherichia coli,green_synthesis using Acinetobacter calcoaceticus,Gentamicin,10.0,spherical,MBC,,0.015,0.25,Bacteria,Pseudomonadota,Gammaproteobacteria,Enterobacterales,Enterobacteriaceae,Escherichia,Escherichia coli,n,84.0,37,2,urine,Aminoglycoside ,11.129477946271102,477.60300000000035,16.71320241000861,5.015798641482701,12965995.530690867,30.016916361976897,12.580053458670426,0.0,0.0,0.0,0.0,0.0,0.0,0.0,47.205283233513654,18.12552248744388,24.794530010557143,0.0,17.201002431486554,20.702225929867296,0.0,0.0,0.0,0.0,0.0,0.0,0.0,0.0,12.841643245852019,6.4208216229260096,0.0,13.971409182367815,13.971409182367815,36.148454246686754,23.720991550922037,0.0,38.34001374191151,17.507355870220174,0.0,-2.1118188855886944,-4.221864506384813,3.5225569882466115,3.492765240673166,2.0,3.0,0.0,3.0,3.0,-3.327499999999995,3.0,0.0,0.0,0.0,0.0,4.0
1207,Escherichia coli,green_synthesis using Acinetobacter calcoaceticus,Kanamycin,10.0,spherical,MBC,,0.125,1.0,Bacteria,Pseudomonadota,Gammaproteobacteria,Enterobacterales,Enterobacteriaceae,Escherichia,Escherichia coli,n,84.0,37,2,urine,Organooxygen compounds,10.934370590828925,484.50300000000016,16.723934420328636,5.009909437980697,13654838.446765736,61.039663877483015,12.580053458670426,0.0,0.0,0.0,0.0,0.0,0.0,0.0,6.4208216229260096,18.628438064208495,12.648722793660879,0.0,22.93466990864874,13.151638370425493,0.0,0.0,0.0,0.0,0.0,0.0,0.0,0.0,0.0,0.0,0.0,0.0,0.0,41.88212172384894,22.188645928553036,0.0,70.89126281071222,23.505097560217962,0.0,-2.8618546241042164,-16.459712694205745,-0.7634389811732607,0.0,2.0,3.0,0.0,3.0,3.0,-7.2914000000000065,7.0,0.0,0.0,0.0,0.0,4.0
1208,Escherichia coli,green_synthesis using Acinetobacter calcoaceticus,Amoxicillin,10.0,spherical,MBC,,0.125,32.0,Bacteria,Pseudomonadota,Gammaproteobacteria,Enterobacterales,Enterobacteriaceae,Escherichia,Escherichia coli,n,84.0,37,2,urine,Lactams,12.347538895187707,365.4110000000001,32.16690631043884,8.013148748605687,291485.62989158236,29.248907133696527,0.0,11.814359458703011,0.0,5.969305287951849,4.794537184071822,0.0,11.761884949391115,12.13273413692322,31.54366002800146,4.747022453217559,0.0,29.545549696045974,5.733667477162185,0.0,29.828919765543436,5.749511833283905,0.0,11.761884949391115,0.0,0.0,0.0,0.0,5.563451491696996,0.0,40.927262954088036,13.847474399381248,0.0,5.733667477162185,-0.6481045711443436,1.3530174446832093,20.864004624308485,6.4092400741160676,-1.9379691177460066,3.205759785982547,0.0,3.533958493288469,0.0,2.0,2.0,1.0,2.0,3.0,0.023700000000000443,0.0,0.0,1.0,0.0,1.0,0.0
1209,Escherichia coli,green_synthesis using Acinetobacter calcoaceticus,Ampicillin,10.0,spherical,MBC,,0.125,16.0,Bacteria,Pseudomonadota,Gammaproteobacteria,Enterobacterales,Enterobacteriaceae,Escherichia,Escherichia coli,n,84.0,37,2,urine,Organoheterocyclic compounds,12.334172965482487,349.4120000000001,32.1669062252244,8.013147836891157,206112.98596074485,23.499395300412623,0.0,11.814359458703011,0.0,5.969305287951849,4.794537184071822,0.0,11.761884949391115,30.33183534230805,19.410925891078243,4.747022453217559,0.0,29.545549696045974,5.733667477162185,0.0,35.89528683400505,0.0,0.0,11.761884949391115,0.0,0.0,0.0,0.0,5.563451491696996,0.0,16.66179468024159,38.112942673227685,6.06636706846161,5.733667477162185,-0.6178732809698717,1.384119373057865,11.668857470784294,6.59329714138742,-1.8568691887784594,6.376417836304613,0.0,3.5766661417653483,0.0,2.0,2.0,1.0,2.0,3.0,0.3181000000000002,0.0,0.0,1.0,0.0,1.0,0.0
1211,Escherichia coli,green_synthesis using Acinetobacter calcoaceticus,Ceftazidime,10.0,spherical,MBC,,0.03,0.125,Bacteria,Pseudomonadota,Gammaproteobacteria,Enterobacterales,Enterobacteriaceae,Escherichia,Escherichia coli,n,84.0,37,2,urine,Lactams,13.114328090055071,546.5870000000002,32.166681198615066,7.9983639133930895,130887863.90568937,17.10964163696516,29.78168703174876,5.601050810983688,11.814359458703011,5.969305287951849,14.345615352810384,0.0,23.098670827325854,11.22207979521215,13.847474399381248,28.838755044205193,11.666344601007683,57.6948843445426,5.15571272675054,11.486521083908974,52.93692295705045,0.0,5.131558479839333,23.098670827325854,0.0,0.0,0.0,0.0,11.325958136816055,16.236695608785215,30.98942211923828,29.093520927940727,6.06636706846161,10.571256060898818,1.7813433512507009,2.3200451049992044,28.365058705864,3.830931505999705,-4.0068662117945095,4.364278804086379,3.550427347358645,2.7432530473176975,0.0,2.0,2.0,2.0,1.0,4.0,-1.2991999999999946,0.0,2.0,4.0,0.0,1.0,0.0
1212,Escherichia coli,green_synthesis using Acinetobacter calcoaceticus,Ceftriaxone,10.0,spherical,MBC,,0.015,0.5,Bacteria,Pseudomonadota,Gammaproteobacteria,Enterobacterales,Enterobacteriaceae,Escherichia,Escherichia coli,n,84.0,37,2,urine,Lactams,12.916804915913412,554.592,32.16802575616794,8.005513176288462,86964842.00764643,29.91647849129853,15.999679964430742,0.0,17.694347795138384,11.528572183003856,14.460318640164214,4.9839785209472085,28.197352635626892,16.917597676141654,5.573104530069267,23.933441966636682,0.0,63.48746400598187,12.20338470942773,24.3491722319333,32.69793868756331,5.879988336435371,5.131558479839333,34.860555776716964,0.0,0.0,0.0,0.0,5.573104530069267,27.99858055817633,35.98122017895694,0.0,0.0,10.571256060898818,1.1911059923735094,3.4097930208811835,30.32908056195552,4.9368402497316435,-3.0399098626612933,-0.9927050581226264,0.0,0.0,2.7234967968158625,2.0,2.0,2.0,1.0,4.0,-1.198999999999999,0.0,4.0,6.0,0.0,1.0,0.0
1214,Escherichia coli,green_synthesis using Acinetobacter calcoaceticus,Ciprofloxacin,10.0,spherical,MBC,,0.015,0.015,Bacteria,Pseudomonadota,Gammaproteobacteria,Enterobacterales,Enterobacteriaceae,Escherichia,Escherichia coli,n,84.0,37,2,urine,Quinolines,14.607685185185183,331.34700000000004,19.142215575448983,5.932587448237474,672746.5705685621,11.38067233274289,0.0,5.428790391900541,0.0,5.969305287951849,9.184952231746642,0.0,0.0,0.0,24.974377382775238,43.80393423887614,11.204086992299825,22.55961649471647,0.0,31.078935354500782,39.933577617251544,0.0,10.077801322358383,0.0,5.817220841045895,0.0,10.902924932081056,0.0,24.293599804124977,25.93115605767717,12.263210640074686,6.06636706846161,9.467009378641833,0.0,16.43241047808012,0.0,12.6196285019594,0.15943609851348062,-1.755300643086537,3.07809812505249,3.290533509700176,2.9606282188163506,0.0,1.0,2.0,2.0,2.0,4.0,1.5833,0.0,1.0,2.0,0.0,1.0,0.0
1215,Escherichia coli,green_synthesis using Acinetobacter calcoaceticus,Doxycycline,10.0,spherical,MBC,,0.015,8.0,Bacteria,Pseudomonadota,Gammaproteobacteria,Enterobacterales,Enterobacteriaceae,Escherichia,Escherichia coli,n,84.0,37,2,urine,Tetracyclines,13.31702837616528,462.4550000000002,16.35438123868387,6.24508544694082,8427682.935942445,22.840946106665523,11.384295757348628,5.783244946364939,5.907179729351506,0.0,0.0,0.0,0.0,19.056471336613843,31.64306857167438,11.49101057623066,23.627164754754652,17.473669622081385,17.56947956948497,14.09534396535438,51.990542992229706,5.749511833283905,0.0,0.0,11.835812092322787,0.0,0.0,0.0,5.563451491696996,0.0,25.06162076466647,19.056471336613843,0.0,5.733667477162185,0.0,0.0,55.033717988394216,1.3628127161422192,-8.859922348441467,3.1664695181778963,-1.5895597127739987,1.6766898673049466,2.975209358409214,0.0,3.0,1.0,0.0,4.0,-1.1722999999999981,4.0,0.0,1.0,0.0,3.0,0.0
1216,Escherichia coli,green_synthesis using Acinetobacter calcoaceticus,Tetracycline,10.0,spherical,MBC,,0.015,8.0,Bacteria,Pseudomonadota,Gammaproteobacteria,Enterobacterales,Enterobacteriaceae,Escherichia,Escherichia coli,n,84.0,37,2,urine,Tetracyclines,13.313695042831949,444.44000000000017,16.349699175563902,6.244441577254103,7541988.5274806805,22.840946106665523,11.384295757348628,5.783244946364939,5.907179729351506,0.0,0.0,0.0,0.0,12.13273413692322,39.06972134812962,17.408916622392056,17.206343131828646,17.473669622081385,17.56947956948497,14.09534396535438,51.990542992229706,5.749511833283905,0.0,0.0,11.835812092322787,0.0,0.0,0.0,0.0,0.0,44.11809210128031,0.0,0.0,5.733667477162185,0.0,0.0,55.036209694953385,-0.6537508730280199,-7.891260886171374,3.050557292176385,-0.1999820483749053,1.4026620895271686,3.062499607842321,0.0,3.0,1.0,0.0,4.0,-0.21439999999999837,4.0,0.0,1.0,0.0,3.0,0.0
1217,Escherichia coli,green_synthesis using Acinetobacter calcoaceticus,Chloramphenicol,10.0,spherical,MBC,,0.06,32.0,Bacteria,Pseudomonadota,Gammaproteobacteria,Enterobacterales,Enterobacteriaceae,Escherichia,Escherichia coli,n,84.0,37,2,urine,Benzene derivatives,11.304786365163348,323.13199999999995,35.53916852833981,6.530354842931773,20854.00404623344,6.103966387748303,4.836269690250055,0.0,11.594566004035068,0.0,0.0,0.0,0.0,23.20187978046503,17.696185628620217,12.13273413692322,17.57203384247855,34.7964457845001,0.0,6.606881964512918,39.94323803430901,0.0,5.687386274683562,23.20187978046503,10.114318268765572,0.0,0.0,0.0,5.563451491696996,0.0,24.26546827384644,0.0,0.0,28.30840717530574,0.0,10.701515153828765,31.946182154335563,0.16922162383471995,-0.7561620265390101,4.0536671005850895,-1.2529283194759382,-0.5511984284454523,0.0,0.0,0.0,1.0,0.0,1.0,0.9089999999999998,2.0,0.0,1.0,0.0,0.0,0.0
1218,Escherichia coli,green_synthesis using Acinetobacter calcoaceticus,Trimethoprim,10.0,spherical,MBC,,0.25,0.25,Bacteria,Pseudomonadota,Gammaproteobacteria,Enterobacterales,Enterobacteriaceae,Escherichia,Escherichia coli,n,84.0,37,2,urine,phenol ethers,5.848108465608465,290.32300000000004,16.52993347195911,5.550690334116603,52230.22737876032,5.817862777835028,11.49902366656781,11.6978511142704,0.0,0.0,4.9839785209472085,4.9839785209472085,0.0,0.0,17.696185628620217,18.18111668623608,21.3293926238326,11.766202058821523,0.0,32.796727578156975,29.456480691930288,17.248535499851716,11.766202058821523,0.0,0.0,0.0,0.0,0.0,29.48721990061275,11.126902983393991,0.0,27.526236195445676,12.13273413692322,25.67792381572452,15.924874707790472,0.0,0.0,13.050571864369664,2.228001325657803,3.7165684051398338,2.1425385015117158,0.0,4.703740547004436,0.0,0.0,2.0,0.0,2.0,1.2575999999999998,0.0,2.0,2.0,0.0,0.0,3.0
1219,Acinetobacter baumannii,green_synthesis using Acinetobacter calcoaceticus,Amikacin,10.0,spherical,MBC,,2.0,128.0,Bacteria,Pseudomonadota,Gammaproteobacteria,Moraxellales,Moraxellaceae,Acinetobacter,Acinetobacter calcoaceticus/baumannii complex,n,36.0,37,2,urine,Organooxygen compounds,12.578430739026395,585.6080000000002,16.72419482977286,5.803959385179921,351840389.6434164,67.14363026523132,12.580053458670426,5.907179729351506,0.0,0.0,0.0,0.0,0.0,0.0,19.386399651764595,12.586597235060536,18.69056362280884,5.907179729351506,22.93466990864874,19.696394776338067,0.0,0.0,0.0,0.0,0.0,0.0,0.0,0.0,0.0,0.0,0.0,0.0,0.0,41.88212172384894,22.508987749652608,0.0,84.8515698880727,23.07815814323158,-0.8451654705857445,-3.4543834318598456,-19.819150484244457,-0.8984471332932249,0.0,2.0,3.0,0.0,3.0,3.0,-8.424200000000015,8.0,0.0,0.0,0.0,0.0,4.0
1220,Acinetobacter baumannii,green_synthesis using Acinetobacter calcoaceticus,Gentamicin,10.0,spherical,MBC,,2.0,512.0,Bacteria,Pseudomonadota,Gammaproteobacteria,Moraxellales,Moraxellaceae,Acinetobacter,Acinetobacter calcoaceticus/baumannii complex,n,36.0,37,2,urine,Aminoglycoside ,11.129477946271102,477.60300000000035,16.71320241000861,5.015798641482701,12965995.530690867,30.016916361976897,12.580053458670426,0.0,0.0,0.0,0.0,0.0,0.0,0.0,47.205283233513654,18.12552248744388,24.794530010557143,0.0,17.201002431486554,20.702225929867296,0.0,0.0,0.0,0.0,0.0,0.0,0.0,0.0,12.841643245852019,6.4208216229260096,0.0,13.971409182367815,13.971409182367815,36.148454246686754,23.720991550922037,0.0,38.34001374191151,17.507355870220174,0.0,-2.1118188855886944,-4.221864506384813,3.5225569882466115,3.492765240673166,2.0,3.0,0.0,3.0,3.0,-3.327499999999995,3.0,0.0,0.0,0.0,0.0,4.0
1222,Acinetobacter baumannii,green_synthesis using Acinetobacter calcoaceticus,Amoxicillin,10.0,spherical,MBC,,64.0,4095.0,Bacteria,Pseudomonadota,Gammaproteobacteria,Moraxellales,Moraxellaceae,Acinetobacter,Acinetobacter calcoaceticus/baumannii complex,n,36.0,37,2,urine,Lactams,12.347538895187707,365.4110000000001,32.16690631043884,8.013148748605687,291485.62989158236,29.248907133696527,0.0,11.814359458703011,0.0,5.969305287951849,4.794537184071822,0.0,11.761884949391115,12.13273413692322,31.54366002800146,4.747022453217559,0.0,29.545549696045974,5.733667477162185,0.0,29.828919765543436,5.749511833283905,0.0,11.761884949391115,0.0,0.0,0.0,0.0,5.563451491696996,0.0,40.927262954088036,13.847474399381248,0.0,5.733667477162185,-0.6481045711443436,1.3530174446832093,20.864004624308485,6.4092400741160676,-1.9379691177460066,3.205759785982547,0.0,3.533958493288469,0.0,2.0,2.0,1.0,2.0,3.0,0.023700000000000443,0.0,0.0,1.0,0.0,1.0,0.0
1223,Acinetobacter baumannii,green_synthesis using Acinetobacter calcoaceticus,Ampicillin,10.0,spherical,MBC,,64.0,4095.0,Bacteria,Pseudomonadota,Gammaproteobacteria,Moraxellales,Moraxellaceae,Acinetobacter,Acinetobacter calcoaceticus/baumannii complex,n,36.0,37,2,urine,Organoheterocyclic compounds,12.334172965482487,349.4120000000001,32.1669062252244,8.013147836891157,206112.98596074485,23.499395300412623,0.0,11.814359458703011,0.0,5.969305287951849,4.794537184071822,0.0,11.761884949391115,30.33183534230805,19.410925891078243,4.747022453217559,0.0,29.545549696045974,5.733667477162185,0.0,35.89528683400505,0.0,0.0,11.761884949391115,0.0,0.0,0.0,0.0,5.563451491696996,0.0,16.66179468024159,38.112942673227685,6.06636706846161,5.733667477162185,-0.6178732809698717,1.384119373057865,11.668857470784294,6.59329714138742,-1.8568691887784594,6.376417836304613,0.0,3.5766661417653483,0.0,2.0,2.0,1.0,2.0,3.0,0.3181000000000002,0.0,0.0,1.0,0.0,1.0,0.0
1225,Acinetobacter baumannii,green_synthesis using Acinetobacter calcoaceticus,Ceftazidime,10.0,spherical,MBC,,512.0,512.0,Bacteria,Pseudomonadota,Gammaproteobacteria,Moraxellales,Moraxellaceae,Acinetobacter,Acinetobacter calcoaceticus/baumannii complex,n,36.0,37,2,urine,Lactams,13.114328090055071,546.5870000000002,32.166681198615066,7.9983639133930895,130887863.90568937,17.10964163696516,29.78168703174876,5.601050810983688,11.814359458703011,5.969305287951849,14.345615352810384,0.0,23.098670827325854,11.22207979521215,13.847474399381248,28.838755044205193,11.666344601007683,57.6948843445426,5.15571272675054,11.486521083908974,52.93692295705045,0.0,5.131558479839333,23.098670827325854,0.0,0.0,0.0,0.0,11.325958136816055,16.236695608785215,30.98942211923828,29.093520927940727,6.06636706846161,10.571256060898818,1.7813433512507009,2.3200451049992044,28.365058705864,3.830931505999705,-4.0068662117945095,4.364278804086379,3.550427347358645,2.7432530473176975,0.0,2.0,2.0,2.0,1.0,4.0,-1.2991999999999946,0.0,2.0,4.0,0.0,1.0,0.0
1226,Acinetobacter baumannii,green_synthesis using Acinetobacter calcoaceticus,Ceftriaxone,10.0,spherical,MBC,,2048.0,2048.0,Bacteria,Pseudomonadota,Gammaproteobacteria,Moraxellales,Moraxellaceae,Acinetobacter,Acinetobacter calcoaceticus/baumannii complex,n,36.0,37,2,urine,Lactams,12.916804915913412,554.592,32.16802575616794,8.005513176288462,86964842.00764643,29.91647849129853,15.999679964430742,0.0,17.694347795138384,11.528572183003856,14.460318640164214,4.9839785209472085,28.197352635626892,16.917597676141654,5.573104530069267,23.933441966636682,0.0,63.48746400598187,12.20338470942773,24.3491722319333,32.69793868756331,5.879988336435371,5.131558479839333,34.860555776716964,0.0,0.0,0.0,0.0,5.573104530069267,27.99858055817633,35.98122017895694,0.0,0.0,10.571256060898818,1.1911059923735094,3.4097930208811835,30.32908056195552,4.9368402497316435,-3.0399098626612933,-0.9927050581226264,0.0,0.0,2.7234967968158625,2.0,2.0,2.0,1.0,4.0,-1.198999999999999,0.0,4.0,6.0,0.0,1.0,0.0
1228,Acinetobacter baumannii,green_synthesis using Acinetobacter calcoaceticus,Ciprofloxacin,10.0,spherical,MBC,,4.0,16.0,Bacteria,Pseudomonadota,Gammaproteobacteria,Moraxellales,Moraxellaceae,Acinetobacter,Acinetobacter calcoaceticus/baumannii complex,n,36.0,37,2,urine,Quinolines,14.607685185185183,331.34700000000004,19.142215575448983,5.932587448237474,672746.5705685621,11.38067233274289,0.0,5.428790391900541,0.0,5.969305287951849,9.184952231746642,0.0,0.0,0.0,24.974377382775238,43.80393423887614,11.204086992299825,22.55961649471647,0.0,31.078935354500782,39.933577617251544,0.0,10.077801322358383,0.0,5.817220841045895,0.0,10.902924932081056,0.0,24.293599804124977,25.93115605767717,12.263210640074686,6.06636706846161,9.467009378641833,0.0,16.43241047808012,0.0,12.6196285019594,0.15943609851348062,-1.755300643086537,3.07809812505249,3.290533509700176,2.9606282188163506,0.0,1.0,2.0,2.0,2.0,4.0,1.5833,0.0,1.0,2.0,0.0,1.0,0.0
1229,Acinetobacter baumannii,green_synthesis using Acinetobacter calcoaceticus,Doxycycline,10.0,spherical,MBC,,0.5,64.0,Bacteria,Pseudomonadota,Gammaproteobacteria,Moraxellales,Moraxellaceae,Acinetobacter,Acinetobacter calcoaceticus/baumannii complex,n,36.0,37,2,urine,Tetracyclines,13.31702837616528,462.4550000000002,16.35438123868387,6.24508544694082,8427682.935942445,22.840946106665523,11.384295757348628,5.783244946364939,5.907179729351506,0.0,0.0,0.0,0.0,19.056471336613843,31.64306857167438,11.49101057623066,23.627164754754652,17.473669622081385,17.56947956948497,14.09534396535438,51.990542992229706,5.749511833283905,0.0,0.0,11.835812092322787,0.0,0.0,0.0,5.563451491696996,0.0,25.06162076466647,19.056471336613843,0.0,5.733667477162185,0.0,0.0,55.033717988394216,1.3628127161422192,-8.859922348441467,3.1664695181778963,-1.5895597127739987,1.6766898673049466,2.975209358409214,0.0,3.0,1.0,0.0,4.0,-1.1722999999999981,4.0,0.0,1.0,0.0,3.0,0.0
1230,Acinetobacter baumannii,green_synthesis using Acinetobacter calcoaceticus,Tetracycline,10.0,spherical,MBC,,0.5,64.0,Bacteria,Pseudomonadota,Gammaproteobacteria,Moraxellales,Moraxellaceae,Acinetobacter,Acinetobacter calcoaceticus/baumannii complex,n,36.0,37,2,urine,Tetracyclines,13.313695042831949,444.44000000000017,16.349699175563902,6.244441577254103,7541988.5274806805,22.840946106665523,11.384295757348628,5.783244946364939,5.907179729351506,0.0,0.0,0.0,0.0,12.13273413692322,39.06972134812962,17.408916622392056,17.206343131828646,17.473669622081385,17.56947956948497,14.09534396535438,51.990542992229706,5.749511833283905,0.0,0.0,11.835812092322787,0.0,0.0,0.0,0.0,0.0,44.11809210128031,0.0,0.0,5.733667477162185,0.0,0.0,55.036209694953385,-0.6537508730280199,-7.891260886171374,3.050557292176385,-0.1999820483749053,1.4026620895271686,3.062499607842321,0.0,3.0,1.0,0.0,4.0,-0.21439999999999837,4.0,0.0,1.0,0.0,3.0,0.0
1232,Acinetobacter baumannii,green_synthesis using Acinetobacter calcoaceticus,Trimethoprim,10.0,spherical,MBC,,0.5,64.0,Bacteria,Pseudomonadota,Gammaproteobacteria,Moraxellales,Moraxellaceae,Acinetobacter,Acinetobacter calcoaceticus/baumannii complex,n,36.0,37,2,urine,phenol ethers,5.848108465608465,290.32300000000004,16.52993347195911,5.550690334116603,52230.22737876032,5.817862777835028,11.49902366656781,11.6978511142704,0.0,0.0,4.9839785209472085,4.9839785209472085,0.0,0.0,17.696185628620217,18.18111668623608,21.3293926238326,11.766202058821523,0.0,32.796727578156975,29.456480691930288,17.248535499851716,11.766202058821523,0.0,0.0,0.0,0.0,0.0,29.48721990061275,11.126902983393991,0.0,27.526236195445676,12.13273413692322,25.67792381572452,15.924874707790472,0.0,0.0,13.050571864369664,2.228001325657803,3.7165684051398338,2.1425385015117158,0.0,4.703740547004436,0.0,0.0,2.0,0.0,2.0,1.2575999999999998,0.0,2.0,2.0,0.0,0.0,3.0
1233,Klebsiella aerogenes,green_synthesis using Acinetobacter calcoaceticus,Amikacin,10.0,spherical,MBC,,0.015,1.0,Bacteria,Pseudomonadota,Gammaproteobacteria,Enterobacterales,Enterobacteriaceae,Klebsiella/Raoultella group,Klebsiella,n,18.0,37,2,respiratory tract,Organooxygen compounds,12.578430739026395,585.6080000000002,16.72419482977286,5.803959385179921,351840389.6434164,67.14363026523132,12.580053458670426,5.907179729351506,0.0,0.0,0.0,0.0,0.0,0.0,19.386399651764595,12.586597235060536,18.69056362280884,5.907179729351506,22.93466990864874,19.696394776338067,0.0,0.0,0.0,0.0,0.0,0.0,0.0,0.0,0.0,0.0,0.0,0.0,0.0,41.88212172384894,22.508987749652608,0.0,84.8515698880727,23.07815814323158,-0.8451654705857445,-3.4543834318598456,-19.819150484244457,-0.8984471332932249,0.0,2.0,3.0,0.0,3.0,3.0,-8.424200000000015,8.0,0.0,0.0,0.0,0.0,4.0
1234,Klebsiella aerogenes,green_synthesis using Acinetobacter calcoaceticus,Gentamicin,10.0,spherical,MBC,,0.015,0.25,Bacteria,Pseudomonadota,Gammaproteobacteria,Enterobacterales,Enterobacteriaceae,Klebsiella/Raoultella group,Klebsiella,n,18.0,37,2,respiratory tract,Aminoglycoside ,11.129477946271102,477.60300000000035,16.71320241000861,5.015798641482701,12965995.530690867,30.016916361976897,12.580053458670426,0.0,0.0,0.0,0.0,0.0,0.0,0.0,47.205283233513654,18.12552248744388,24.794530010557143,0.0,17.201002431486554,20.702225929867296,0.0,0.0,0.0,0.0,0.0,0.0,0.0,0.0,12.841643245852019,6.4208216229260096,0.0,13.971409182367815,13.971409182367815,36.148454246686754,23.720991550922037,0.0,38.34001374191151,17.507355870220174,0.0,-2.1118188855886944,-4.221864506384813,3.5225569882466115,3.492765240673166,2.0,3.0,0.0,3.0,3.0,-3.327499999999995,3.0,0.0,0.0,0.0,0.0,4.0
1235,Klebsiella aerogenes,green_synthesis using Acinetobacter calcoaceticus,Kanamycin,10.0,spherical,MBC,,0.125,256.0,Bacteria,Pseudomonadota,Gammaproteobacteria,Enterobacterales,Enterobacteriaceae,Klebsiella/Raoultella group,Klebsiella,n,18.0,37,2,respiratory tract,Organooxygen compounds,10.934370590828925,484.50300000000016,16.723934420328636,5.009909437980697,13654838.446765736,61.039663877483015,12.580053458670426,0.0,0.0,0.0,0.0,0.0,0.0,0.0,6.4208216229260096,18.628438064208495,12.648722793660879,0.0,22.93466990864874,13.151638370425493,0.0,0.0,0.0,0.0,0.0,0.0,0.0,0.0,0.0,0.0,0.0,0.0,0.0,41.88212172384894,22.188645928553036,0.0,70.89126281071222,23.505097560217962,0.0,-2.8618546241042164,-16.459712694205745,-0.7634389811732607,0.0,2.0,3.0,0.0,3.0,3.0,-7.2914000000000065,7.0,0.0,0.0,0.0,0.0,4.0
1236,Klebsiella aerogenes,green_synthesis using Acinetobacter calcoaceticus,Amoxicillin,10.0,spherical,MBC,,2.0,1024.0,Bacteria,Pseudomonadota,Gammaproteobacteria,Enterobacterales,Enterobacteriaceae,Klebsiella/Raoultella group,Klebsiella,n,18.0,37,2,respiratory tract,Lactams,12.347538895187707,365.4110000000001,32.16690631043884,8.013148748605687,291485.62989158236,29.248907133696527,0.0,11.814359458703011,0.0,5.969305287951849,4.794537184071822,0.0,11.761884949391115,12.13273413692322,31.54366002800146,4.747022453217559,0.0,29.545549696045974,5.733667477162185,0.0,29.828919765543436,5.749511833283905,0.0,11.761884949391115,0.0,0.0,0.0,0.0,5.563451491696996,0.0,40.927262954088036,13.847474399381248,0.0,5.733667477162185,-0.6481045711443436,1.3530174446832093,20.864004624308485,6.4092400741160676,-1.9379691177460066,3.205759785982547,0.0,3.533958493288469,0.0,2.0,2.0,1.0,2.0,3.0,0.023700000000000443,0.0,0.0,1.0,0.0,1.0,0.0
1237,Klebsiella aerogenes,green_synthesis using Acinetobacter calcoaceticus,Ampicillin,10.0,spherical,MBC,,0.125,128.0,Bacteria,Pseudomonadota,Gammaproteobacteria,Enterobacterales,Enterobacteriaceae,Klebsiella/Raoultella group,Klebsiella,n,18.0,37,2,respiratory tract,Organoheterocyclic compounds,12.334172965482487,349.4120000000001,32.1669062252244,8.013147836891157,206112.98596074485,23.499395300412623,0.0,11.814359458703011,0.0,5.969305287951849,4.794537184071822,0.0,11.761884949391115,30.33183534230805,19.410925891078243,4.747022453217559,0.0,29.545549696045974,5.733667477162185,0.0,35.89528683400505,0.0,0.0,11.761884949391115,0.0,0.0,0.0,0.0,5.563451491696996,0.0,16.66179468024159,38.112942673227685,6.06636706846161,5.733667477162185,-0.6178732809698717,1.384119373057865,11.668857470784294,6.59329714138742,-1.8568691887784594,6.376417836304613,0.0,3.5766661417653483,0.0,2.0,2.0,1.0,2.0,3.0,0.3181000000000002,0.0,0.0,1.0,0.0,1.0,0.0
1239,Klebsiella aerogenes,green_synthesis using Acinetobacter calcoaceticus,Ceftazidime,10.0,spherical,MBC,,0.015,1.0,Bacteria,Pseudomonadota,Gammaproteobacteria,Enterobacterales,Enterobacteriaceae,Klebsiella/Raoultella group,Klebsiella,n,18.0,37,2,respiratory tract,Lactams,13.114328090055071,546.5870000000002,32.166681198615066,7.9983639133930895,130887863.90568937,17.10964163696516,29.78168703174876,5.601050810983688,11.814359458703011,5.969305287951849,14.345615352810384,0.0,23.098670827325854,11.22207979521215,13.847474399381248,28.838755044205193,11.666344601007683,57.6948843445426,5.15571272675054,11.486521083908974,52.93692295705045,0.0,5.131558479839333,23.098670827325854,0.0,0.0,0.0,0.0,11.325958136816055,16.236695608785215,30.98942211923828,29.093520927940727,6.06636706846161,10.571256060898818,1.7813433512507009,2.3200451049992044,28.365058705864,3.830931505999705,-4.0068662117945095,4.364278804086379,3.550427347358645,2.7432530473176975,0.0,2.0,2.0,2.0,1.0,4.0,-1.2991999999999946,0.0,2.0,4.0,0.0,1.0,0.0
1240,Klebsiella aerogenes,green_synthesis using Acinetobacter calcoaceticus,Ceftriaxone,10.0,spherical,MBC,,0.015,0.015,Bacteria,Pseudomonadota,Gammaproteobacteria,Enterobacterales,Enterobacteriaceae,Klebsiella/Raoultella group,Klebsiella,n,18.0,37,2,respiratory tract,Lactams,12.916804915913412,554.592,32.16802575616794,8.005513176288462,86964842.00764643,29.91647849129853,15.999679964430742,0.0,17.694347795138384,11.528572183003856,14.460318640164214,4.9839785209472085,28.197352635626892,16.917597676141654,5.573104530069267,23.933441966636682,0.0,63.48746400598187,12.20338470942773,24.3491722319333,32.69793868756331,5.879988336435371,5.131558479839333,34.860555776716964,0.0,0.0,0.0,0.0,5.573104530069267,27.99858055817633,35.98122017895694,0.0,0.0,10.571256060898818,1.1911059923735094,3.4097930208811835,30.32908056195552,4.9368402497316435,-3.0399098626612933,-0.9927050581226264,0.0,0.0,2.7234967968158625,2.0,2.0,2.0,1.0,4.0,-1.198999999999999,0.0,4.0,6.0,0.0,1.0,0.0
1242,Klebsiella aerogenes,green_synthesis using Acinetobacter calcoaceticus,Ciprofloxacin,10.0,spherical,MBC,,0.015,0.015,Bacteria,Pseudomonadota,Gammaproteobacteria,Enterobacterales,Enterobacteriaceae,Klebsiella/Raoultella group,Klebsiella,n,18.0,37,2,respiratory tract,Quinolines,14.607685185185183,331.34700000000004,19.142215575448983,5.932587448237474,672746.5705685621,11.38067233274289,0.0,5.428790391900541,0.0,5.969305287951849,9.184952231746642,0.0,0.0,0.0,24.974377382775238,43.80393423887614,11.204086992299825,22.55961649471647,0.0,31.078935354500782,39.933577617251544,0.0,10.077801322358383,0.0,5.817220841045895,0.0,10.902924932081056,0.0,24.293599804124977,25.93115605767717,12.263210640074686,6.06636706846161,9.467009378641833,0.0,16.43241047808012,0.0,12.6196285019594,0.15943609851348062,-1.755300643086537,3.07809812505249,3.290533509700176,2.9606282188163506,0.0,1.0,2.0,2.0,2.0,4.0,1.5833,0.0,1.0,2.0,0.0,1.0,0.0
1243,Klebsiella aerogenes,green_synthesis using Acinetobacter calcoaceticus,Doxycycline,10.0,spherical,MBC,,0.015,32.0,Bacteria,Pseudomonadota,Gammaproteobacteria,Enterobacterales,Enterobacteriaceae,Klebsiella/Raoultella group,Klebsiella,n,18.0,37,2,respiratory tract,Tetracyclines,13.31702837616528,462.4550000000002,16.35438123868387,6.24508544694082,8427682.935942445,22.840946106665523,11.384295757348628,5.783244946364939,5.907179729351506,0.0,0.0,0.0,0.0,19.056471336613843,31.64306857167438,11.49101057623066,23.627164754754652,17.473669622081385,17.56947956948497,14.09534396535438,51.990542992229706,5.749511833283905,0.0,0.0,11.835812092322787,0.0,0.0,0.0,5.563451491696996,0.0,25.06162076466647,19.056471336613843,0.0,5.733667477162185,0.0,0.0,55.033717988394216,1.3628127161422192,-8.859922348441467,3.1664695181778963,-1.5895597127739987,1.6766898673049466,2.975209358409214,0.0,3.0,1.0,0.0,4.0,-1.1722999999999981,4.0,0.0,1.0,0.0,3.0,0.0
1244,Klebsiella aerogenes,green_synthesis using Acinetobacter calcoaceticus,Tetracycline,10.0,spherical,MBC,,0.015,32.0,Bacteria,Pseudomonadota,Gammaproteobacteria,Enterobacterales,Enterobacteriaceae,Klebsiella/Raoultella group,Klebsiella,n,18.0,37,2,respiratory tract,Tetracyclines,13.313695042831949,444.44000000000017,16.349699175563902,6.244441577254103,7541988.5274806805,22.840946106665523,11.384295757348628,5.783244946364939,5.907179729351506,0.0,0.0,0.0,0.0,12.13273413692322,39.06972134812962,17.408916622392056,17.206343131828646,17.473669622081385,17.56947956948497,14.09534396535438,51.990542992229706,5.749511833283905,0.0,0.0,11.835812092322787,0.0,0.0,0.0,0.0,0.0,44.11809210128031,0.0,0.0,5.733667477162185,0.0,0.0,55.036209694953385,-0.6537508730280199,-7.891260886171374,3.050557292176385,-0.1999820483749053,1.4026620895271686,3.062499607842321,0.0,3.0,1.0,0.0,4.0,-0.21439999999999837,4.0,0.0,1.0,0.0,3.0,0.0
1245,Klebsiella aerogenes,green_synthesis using Acinetobacter calcoaceticus,Chloramphenicol,10.0,spherical,MBC,,0.125,64.0,Bacteria,Pseudomonadota,Gammaproteobacteria,Enterobacterales,Enterobacteriaceae,Klebsiella/Raoultella group,Klebsiella,n,18.0,37,2,respiratory tract,Benzene derivatives,11.304786365163348,323.13199999999995,35.53916852833981,6.530354842931773,20854.00404623344,6.103966387748303,4.836269690250055,0.0,11.594566004035068,0.0,0.0,0.0,0.0,23.20187978046503,17.696185628620217,12.13273413692322,17.57203384247855,34.7964457845001,0.0,6.606881964512918,39.94323803430901,0.0,5.687386274683562,23.20187978046503,10.114318268765572,0.0,0.0,0.0,5.563451491696996,0.0,24.26546827384644,0.0,0.0,28.30840717530574,0.0,10.701515153828765,31.946182154335563,0.16922162383471995,-0.7561620265390101,4.0536671005850895,-1.2529283194759382,-0.5511984284454523,0.0,0.0,0.0,1.0,0.0,1.0,0.9089999999999998,2.0,0.0,1.0,0.0,0.0,0.0
1246,Klebsiella aerogenes,green_synthesis using Acinetobacter calcoaceticus,Trimethoprim,10.0,spherical,MBC,,0.015,0.125,Bacteria,Pseudomonadota,Gammaproteobacteria,Enterobacterales,Enterobacteriaceae,Klebsiella/Raoultella group,Klebsiella,n,18.0,37,2,respiratory tract,phenol ethers,5.848108465608465,290.32300000000004,16.52993347195911,5.550690334116603,52230.22737876032,5.817862777835028,11.49902366656781,11.6978511142704,0.0,0.0,4.9839785209472085,4.9839785209472085,0.0,0.0,17.696185628620217,18.18111668623608,21.3293926238326,11.766202058821523,0.0,32.796727578156975,29.456480691930288,17.248535499851716,11.766202058821523,0.0,0.0,0.0,0.0,0.0,29.48721990061275,11.126902983393991,0.0,27.526236195445676,12.13273413692322,25.67792381572452,15.924874707790472,0.0,0.0,13.050571864369664,2.228001325657803,3.7165684051398338,2.1425385015117158,0.0,4.703740547004436,0.0,0.0,2.0,0.0,2.0,1.2575999999999998,0.0,2.0,2.0,0.0,0.0,3.0
1247,Pseudomonas aeruginosa,green_synthesis using Acinetobacter calcoaceticus,Amikacin,10.0,spherical,MBC,,0.015,0.5,Bacteria,Pseudomonadota,Gammaproteobacteria,Pseudomonadales,Pseudomonadaceae,Pseudomonas,Pseudomonas aeruginosa group,n,48.0,37,2,soil,Organooxygen compounds,12.578430739026395,585.6080000000002,16.72419482977286,5.803959385179921,351840389.6434164,67.14363026523132,12.580053458670426,5.907179729351506,0.0,0.0,0.0,0.0,0.0,0.0,19.386399651764595,12.586597235060536,18.69056362280884,5.907179729351506,22.93466990864874,19.696394776338067,0.0,0.0,0.0,0.0,0.0,0.0,0.0,0.0,0.0,0.0,0.0,0.0,0.0,41.88212172384894,22.508987749652608,0.0,84.8515698880727,23.07815814323158,-0.8451654705857445,-3.4543834318598456,-19.819150484244457,-0.8984471332932249,0.0,2.0,3.0,0.0,3.0,3.0,-8.424200000000015,8.0,0.0,0.0,0.0,0.0,4.0
1248,Pseudomonas aeruginosa,green_synthesis using Acinetobacter calcoaceticus,Gentamicin,10.0,spherical,MBC,,0.015,0.125,Bacteria,Pseudomonadota,Gammaproteobacteria,Pseudomonadales,Pseudomonadaceae,Pseudomonas,Pseudomonas aeruginosa group,n,48.0,37,2,soil,Aminoglycoside ,11.129477946271102,477.60300000000035,16.71320241000861,5.015798641482701,12965995.530690867,30.016916361976897,12.580053458670426,0.0,0.0,0.0,0.0,0.0,0.0,0.0,47.205283233513654,18.12552248744388,24.794530010557143,0.0,17.201002431486554,20.702225929867296,0.0,0.0,0.0,0.0,0.0,0.0,0.0,0.0,12.841643245852019,6.4208216229260096,0.0,13.971409182367815,13.971409182367815,36.148454246686754,23.720991550922037,0.0,38.34001374191151,17.507355870220174,0.0,-2.1118188855886944,-4.221864506384813,3.5225569882466115,3.492765240673166,2.0,3.0,0.0,3.0,3.0,-3.327499999999995,3.0,0.0,0.0,0.0,0.0,4.0
1249,Pseudomonas aeruginosa,green_synthesis using Acinetobacter calcoaceticus,Kanamycin,10.0,spherical,MBC,,2.0,512.0,Bacteria,Pseudomonadota,Gammaproteobacteria,Pseudomonadales,Pseudomonadaceae,Pseudomonas,Pseudomonas aeruginosa group,n,48.0,37,2,soil,Organooxygen compounds,10.934370590828925,484.50300000000016,16.723934420328636,5.009909437980697,13654838.446765736,61.039663877483015,12.580053458670426,0.0,0.0,0.0,0.0,0.0,0.0,0.0,6.4208216229260096,18.628438064208495,12.648722793660879,0.0,22.93466990864874,13.151638370425493,0.0,0.0,0.0,0.0,0.0,0.0,0.0,0.0,0.0,0.0,0.0,0.0,0.0,41.88212172384894,22.188645928553036,0.0,70.89126281071222,23.505097560217962,0.0,-2.8618546241042164,-16.459712694205745,-0.7634389811732607,0.0,2.0,3.0,0.0,3.0,3.0,-7.2914000000000065,7.0,0.0,0.0,0.0,0.0,4.0
1253,Pseudomonas aeruginosa,green_synthesis using Acinetobacter calcoaceticus,Ceftazidime,10.0,spherical,MBC,,0.015,0.5,Bacteria,Pseudomonadota,Gammaproteobacteria,Pseudomonadales,Pseudomonadaceae,Pseudomonas,Pseudomonas aeruginosa group,n,48.0,37,2,soil,Lactams,13.114328090055071,546.5870000000002,32.166681198615066,7.9983639133930895,130887863.90568937,17.10964163696516,29.78168703174876,5.601050810983688,11.814359458703011,5.969305287951849,14.345615352810384,0.0,23.098670827325854,11.22207979521215,13.847474399381248,28.838755044205193,11.666344601007683,57.6948843445426,5.15571272675054,11.486521083908974,52.93692295705045,0.0,5.131558479839333,23.098670827325854,0.0,0.0,0.0,0.0,11.325958136816055,16.236695608785215,30.98942211923828,29.093520927940727,6.06636706846161,10.571256060898818,1.7813433512507009,2.3200451049992044,28.365058705864,3.830931505999705,-4.0068662117945095,4.364278804086379,3.550427347358645,2.7432530473176975,0.0,2.0,2.0,2.0,1.0,4.0,-1.2991999999999946,0.0,2.0,4.0,0.0,1.0,0.0
1254,Pseudomonas aeruginosa,green_synthesis using Acinetobacter calcoaceticus,Ceftriaxone,10.0,spherical,MBC,,0.125,32.0,Bacteria,Pseudomonadota,Gammaproteobacteria,Pseudomonadales,Pseudomonadaceae,Pseudomonas,Pseudomonas aeruginosa group,n,48.0,37,2,soil,Lactams,12.916804915913412,554.592,32.16802575616794,8.005513176288462,86964842.00764643,29.91647849129853,15.999679964430742,0.0,17.694347795138384,11.528572183003856,14.460318640164214,4.9839785209472085,28.197352635626892,16.917597676141654,5.573104530069267,23.933441966636682,0.0,63.48746400598187,12.20338470942773,24.3491722319333,32.69793868756331,5.879988336435371,5.131558479839333,34.860555776716964,0.0,0.0,0.0,0.0,5.573104530069267,27.99858055817633,35.98122017895694,0.0,0.0,10.571256060898818,1.1911059923735094,3.4097930208811835,30.32908056195552,4.9368402497316435,-3.0399098626612933,-0.9927050581226264,0.0,0.0,2.7234967968158625,2.0,2.0,2.0,1.0,4.0,-1.198999999999999,0.0,4.0,6.0,0.0,1.0,0.0
1256,Pseudomonas aeruginosa,green_synthesis using Acinetobacter calcoaceticus,Ciprofloxacin,10.0,spherical,MBC,,0.015,0.06,Bacteria,Pseudomonadota,Gammaproteobacteria,Pseudomonadales,Pseudomonadaceae,Pseudomonas,Pseudomonas aeruginosa group,n,48.0,37,2,soil,Quinolines,14.607685185185183,331.34700000000004,19.142215575448983,5.932587448237474,672746.5705685621,11.38067233274289,0.0,5.428790391900541,0.0,5.969305287951849,9.184952231746642,0.0,0.0,0.0,24.974377382775238,43.80393423887614,11.204086992299825,22.55961649471647,0.0,31.078935354500782,39.933577617251544,0.0,10.077801322358383,0.0,5.817220841045895,0.0,10.902924932081056,0.0,24.293599804124977,25.93115605767717,12.263210640074686,6.06636706846161,9.467009378641833,0.0,16.43241047808012,0.0,12.6196285019594,0.15943609851348062,-1.755300643086537,3.07809812505249,3.290533509700176,2.9606282188163506,0.0,1.0,2.0,2.0,2.0,4.0,1.5833,0.0,1.0,2.0,0.0,1.0,0.0
1261,Shigella sonnei,green_synthesis using Acinetobacter calcoaceticus,Amikacin,10.0,spherical,MBC,,0.015,0.5,Bacteria,Pseudomonadota,Gammaproteobacteria,Enterobacterales,Enterobacteriaceae,Shigella,Shigella sonnei,n,54.0,37,2,water,Organooxygen compounds,12.578430739026395,585.6080000000002,16.72419482977286,5.803959385179921,351840389.6434164,67.14363026523132,12.580053458670426,5.907179729351506,0.0,0.0,0.0,0.0,0.0,0.0,19.386399651764595,12.586597235060536,18.69056362280884,5.907179729351506,22.93466990864874,19.696394776338067,0.0,0.0,0.0,0.0,0.0,0.0,0.0,0.0,0.0,0.0,0.0,0.0,0.0,41.88212172384894,22.508987749652608,0.0,84.8515698880727,23.07815814323158,-0.8451654705857445,-3.4543834318598456,-19.819150484244457,-0.8984471332932249,0.0,2.0,3.0,0.0,3.0,3.0,-8.424200000000015,8.0,0.0,0.0,0.0,0.0,4.0
1262,Shigella sonnei,green_synthesis using Acinetobacter calcoaceticus,Gentamicin,10.0,spherical,MBC,,0.015,0.06,Bacteria,Pseudomonadota,Gammaproteobacteria,Enterobacterales,Enterobacteriaceae,Shigella,Shigella sonnei,n,54.0,37,2,water,Aminoglycoside ,11.129477946271102,477.60300000000035,16.71320241000861,5.015798641482701,12965995.530690867,30.016916361976897,12.580053458670426,0.0,0.0,0.0,0.0,0.0,0.0,0.0,47.205283233513654,18.12552248744388,24.794530010557143,0.0,17.201002431486554,20.702225929867296,0.0,0.0,0.0,0.0,0.0,0.0,0.0,0.0,12.841643245852019,6.4208216229260096,0.0,13.971409182367815,13.971409182367815,36.148454246686754,23.720991550922037,0.0,38.34001374191151,17.507355870220174,0.0,-2.1118188855886944,-4.221864506384813,3.5225569882466115,3.492765240673166,2.0,3.0,0.0,3.0,3.0,-3.327499999999995,3.0,0.0,0.0,0.0,0.0,4.0
1263,Shigella sonnei,green_synthesis using Acinetobacter calcoaceticus,Kanamycin,10.0,spherical,MBC,,0.015,0.5,Bacteria,Pseudomonadota,Gammaproteobacteria,Enterobacterales,Enterobacteriaceae,Shigella,Shigella sonnei,n,54.0,37,2,water,Organooxygen compounds,10.934370590828925,484.50300000000016,16.723934420328636,5.009909437980697,13654838.446765736,61.039663877483015,12.580053458670426,0.0,0.0,0.0,0.0,0.0,0.0,0.0,6.4208216229260096,18.628438064208495,12.648722793660879,0.0,22.93466990864874,13.151638370425493,0.0,0.0,0.0,0.0,0.0,0.0,0.0,0.0,0.0,0.0,0.0,0.0,0.0,41.88212172384894,22.188645928553036,0.0,70.89126281071222,23.505097560217962,0.0,-2.8618546241042164,-16.459712694205745,-0.7634389811732607,0.0,2.0,3.0,0.0,3.0,3.0,-7.2914000000000065,7.0,0.0,0.0,0.0,0.0,4.0
1264,Shigella sonnei,green_synthesis using Acinetobacter calcoaceticus,Amoxicillin,10.0,spherical,MBC,,32.0,2048.0,Bacteria,Pseudomonadota,Gammaproteobacteria,Enterobacterales,Enterobacteriaceae,Shigella,Shigella sonnei,n,54.0,37,2,water,Lactams,12.347538895187707,365.4110000000001,32.16690631043884,8.013148748605687,291485.62989158236,29.248907133696527,0.0,11.814359458703011,0.0,5.969305287951849,4.794537184071822,0.0,11.761884949391115,12.13273413692322,31.54366002800146,4.747022453217559,0.0,29.545549696045974,5.733667477162185,0.0,29.828919765543436,5.749511833283905,0.0,11.761884949391115,0.0,0.0,0.0,0.0,5.563451491696996,0.0,40.927262954088036,13.847474399381248,0.0,5.733667477162185,-0.6481045711443436,1.3530174446832093,20.864004624308485,6.4092400741160676,-1.9379691177460066,3.205759785982547,0.0,3.533958493288469,0.0,2.0,2.0,1.0,2.0,3.0,0.023700000000000443,0.0,0.0,1.0,0.0,1.0,0.0
1265,Shigella sonnei,green_synthesis using Acinetobacter calcoaceticus,Ampicillin,10.0,spherical,MBC,,64.0,256.0,Bacteria,Pseudomonadota,Gammaproteobacteria,Enterobacterales,Enterobacteriaceae,Shigella,Shigella sonnei,n,54.0,37,2,water,Organoheterocyclic compounds,12.334172965482487,349.4120000000001,32.1669062252244,8.013147836891157,206112.98596074485,23.499395300412623,0.0,11.814359458703011,0.0,5.969305287951849,4.794537184071822,0.0,11.761884949391115,30.33183534230805,19.410925891078243,4.747022453217559,0.0,29.545549696045974,5.733667477162185,0.0,35.89528683400505,0.0,0.0,11.761884949391115,0.0,0.0,0.0,0.0,5.563451491696996,0.0,16.66179468024159,38.112942673227685,6.06636706846161,5.733667477162185,-0.6178732809698717,1.384119373057865,11.668857470784294,6.59329714138742,-1.8568691887784594,6.376417836304613,0.0,3.5766661417653483,0.0,2.0,2.0,1.0,2.0,3.0,0.3181000000000002,0.0,0.0,1.0,0.0,1.0,0.0
1267,Shigella sonnei,green_synthesis using Acinetobacter calcoaceticus,Ceftazidime,10.0,spherical,MBC,,0.125,1.0,Bacteria,Pseudomonadota,Gammaproteobacteria,Enterobacterales,Enterobacteriaceae,Shigella,Shigella sonnei,n,54.0,37,2,water,Lactams,13.114328090055071,546.5870000000002,32.166681198615066,7.9983639133930895,130887863.90568937,17.10964163696516,29.78168703174876,5.601050810983688,11.814359458703011,5.969305287951849,14.345615352810384,0.0,23.098670827325854,11.22207979521215,13.847474399381248,28.838755044205193,11.666344601007683,57.6948843445426,5.15571272675054,11.486521083908974,52.93692295705045,0.0,5.131558479839333,23.098670827325854,0.0,0.0,0.0,0.0,11.325958136816055,16.236695608785215,30.98942211923828,29.093520927940727,6.06636706846161,10.571256060898818,1.7813433512507009,2.3200451049992044,28.365058705864,3.830931505999705,-4.0068662117945095,4.364278804086379,3.550427347358645,2.7432530473176975,0.0,2.0,2.0,2.0,1.0,4.0,-1.2991999999999946,0.0,2.0,4.0,0.0,1.0,0.0
1268,Shigella sonnei,green_synthesis using Acinetobacter calcoaceticus,Ceftriaxone,10.0,spherical,MBC,,0.125,0.5,Bacteria,Pseudomonadota,Gammaproteobacteria,Enterobacterales,Enterobacteriaceae,Shigella,Shigella sonnei,n,54.0,37,2,water,Lactams,12.916804915913412,554.592,32.16802575616794,8.005513176288462,86964842.00764643,29.91647849129853,15.999679964430742,0.0,17.694347795138384,11.528572183003856,14.460318640164214,4.9839785209472085,28.197352635626892,16.917597676141654,5.573104530069267,23.933441966636682,0.0,63.48746400598187,12.20338470942773,24.3491722319333,32.69793868756331,5.879988336435371,5.131558479839333,34.860555776716964,0.0,0.0,0.0,0.0,5.573104530069267,27.99858055817633,35.98122017895694,0.0,0.0,10.571256060898818,1.1911059923735094,3.4097930208811835,30.32908056195552,4.9368402497316435,-3.0399098626612933,-0.9927050581226264,0.0,0.0,2.7234967968158625,2.0,2.0,2.0,1.0,4.0,-1.198999999999999,0.0,4.0,6.0,0.0,1.0,0.0
1270,Shigella sonnei,green_synthesis using Acinetobacter calcoaceticus,Ciprofloxacin,10.0,spherical,MBC,,0.015,0.015,Bacteria,Pseudomonadota,Gammaproteobacteria,Enterobacterales,Enterobacteriaceae,Shigella,Shigella sonnei,n,54.0,37,2,water,Quinolines,14.607685185185183,331.34700000000004,19.142215575448983,5.932587448237474,672746.5705685621,11.38067233274289,0.0,5.428790391900541,0.0,5.969305287951849,9.184952231746642,0.0,0.0,0.0,24.974377382775238,43.80393423887614,11.204086992299825,22.55961649471647,0.0,31.078935354500782,39.933577617251544,0.0,10.077801322358383,0.0,5.817220841045895,0.0,10.902924932081056,0.0,24.293599804124977,25.93115605767717,12.263210640074686,6.06636706846161,9.467009378641833,0.0,16.43241047808012,0.0,12.6196285019594,0.15943609851348062,-1.755300643086537,3.07809812505249,3.290533509700176,2.9606282188163506,0.0,1.0,2.0,2.0,2.0,4.0,1.5833,0.0,1.0,2.0,0.0,1.0,0.0
1271,Shigella sonnei,green_synthesis using Acinetobacter calcoaceticus,Doxycycline,10.0,spherical,MBC,,0.015,64.0,Bacteria,Pseudomonadota,Gammaproteobacteria,Enterobacterales,Enterobacteriaceae,Shigella,Shigella sonnei,n,54.0,37,2,water,Tetracyclines,13.31702837616528,462.4550000000002,16.35438123868387,6.24508544694082,8427682.935942445,22.840946106665523,11.384295757348628,5.783244946364939,5.907179729351506,0.0,0.0,0.0,0.0,19.056471336613843,31.64306857167438,11.49101057623066,23.627164754754652,17.473669622081385,17.56947956948497,14.09534396535438,51.990542992229706,5.749511833283905,0.0,0.0,11.835812092322787,0.0,0.0,0.0,5.563451491696996,0.0,25.06162076466647,19.056471336613843,0.0,5.733667477162185,0.0,0.0,55.033717988394216,1.3628127161422192,-8.859922348441467,3.1664695181778963,-1.5895597127739987,1.6766898673049466,2.975209358409214,0.0,3.0,1.0,0.0,4.0,-1.1722999999999981,4.0,0.0,1.0,0.0,3.0,0.0
1272,Shigella sonnei,green_synthesis using Acinetobacter calcoaceticus,Tetracycline,10.0,spherical,MBC,,0.06,128.0,Bacteria,Pseudomonadota,Gammaproteobacteria,Enterobacterales,Enterobacteriaceae,Shigella,Shigella sonnei,n,54.0,37,2,water,Tetracyclines,13.313695042831949,444.44000000000017,16.349699175563902,6.244441577254103,7541988.5274806805,22.840946106665523,11.384295757348628,5.783244946364939,5.907179729351506,0.0,0.0,0.0,0.0,12.13273413692322,39.06972134812962,17.408916622392056,17.206343131828646,17.473669622081385,17.56947956948497,14.09534396535438,51.990542992229706,5.749511833283905,0.0,0.0,11.835812092322787,0.0,0.0,0.0,0.0,0.0,44.11809210128031,0.0,0.0,5.733667477162185,0.0,0.0,55.036209694953385,-0.6537508730280199,-7.891260886171374,3.050557292176385,-0.1999820483749053,1.4026620895271686,3.062499607842321,0.0,3.0,1.0,0.0,4.0,-0.21439999999999837,4.0,0.0,1.0,0.0,3.0,0.0
1273,Shigella sonnei,green_synthesis using Acinetobacter calcoaceticus,Chloramphenicol,10.0,spherical,MBC,,0.015,128.0,Bacteria,Pseudomonadota,Gammaproteobacteria,Enterobacterales,Enterobacteriaceae,Shigella,Shigella sonnei,n,54.0,37,2,water,Benzene derivatives,11.304786365163348,323.13199999999995,35.53916852833981,6.530354842931773,20854.00404623344,6.103966387748303,4.836269690250055,0.0,11.594566004035068,0.0,0.0,0.0,0.0,23.20187978046503,17.696185628620217,12.13273413692322,17.57203384247855,34.7964457845001,0.0,6.606881964512918,39.94323803430901,0.0,5.687386274683562,23.20187978046503,10.114318268765572,0.0,0.0,0.0,5.563451491696996,0.0,24.26546827384644,0.0,0.0,28.30840717530574,0.0,10.701515153828765,31.946182154335563,0.16922162383471995,-0.7561620265390101,4.0536671005850895,-1.2529283194759382,-0.5511984284454523,0.0,0.0,0.0,1.0,0.0,1.0,0.9089999999999998,2.0,0.0,1.0,0.0,0.0,0.0
1274,Shigella sonnei,green_synthesis using Acinetobacter calcoaceticus,Trimethoprim,10.0,spherical,MBC,,4.0,4096.0,Bacteria,Pseudomonadota,Gammaproteobacteria,Enterobacterales,Enterobacteriaceae,Shigella,Shigella sonnei,n,54.0,37,2,water,phenol ethers,5.848108465608465,290.32300000000004,16.52993347195911,5.550690334116603,52230.22737876032,5.817862777835028,11.49902366656781,11.6978511142704,0.0,0.0,4.9839785209472085,4.9839785209472085,0.0,0.0,17.696185628620217,18.18111668623608,21.3293926238326,11.766202058821523,0.0,32.796727578156975,29.456480691930288,17.248535499851716,11.766202058821523,0.0,0.0,0.0,0.0,0.0,29.48721990061275,11.126902983393991,0.0,27.526236195445676,12.13273413692322,25.67792381572452,15.924874707790472,0.0,0.0,13.050571864369664,2.228001325657803,3.7165684051398338,2.1425385015117158,0.0,4.703740547004436,0.0,0.0,2.0,0.0,2.0,1.2575999999999998,0.0,2.0,2.0,0.0,0.0,3.0
1275,Salmonella typhimurium,green_synthesis using Acinetobacter calcoaceticus,Amikacin,10.0,spherical,MBC,,0.015,1.0,Bacteria,Pseudomonadota,Gammaproteobacteria,Enterobacterales,Enterobacteriaceae,Salmonella,Salmonella enterica,n,39.0,37,2,meat,Organooxygen compounds,12.578430739026395,585.6080000000002,16.72419482977286,5.803959385179921,351840389.6434164,67.14363026523132,12.580053458670426,5.907179729351506,0.0,0.0,0.0,0.0,0.0,0.0,19.386399651764595,12.586597235060536,18.69056362280884,5.907179729351506,22.93466990864874,19.696394776338067,0.0,0.0,0.0,0.0,0.0,0.0,0.0,0.0,0.0,0.0,0.0,0.0,0.0,41.88212172384894,22.508987749652608,0.0,84.8515698880727,23.07815814323158,-0.8451654705857445,-3.4543834318598456,-19.819150484244457,-0.8984471332932249,0.0,2.0,3.0,0.0,3.0,3.0,-8.424200000000015,8.0,0.0,0.0,0.0,0.0,4.0
1276,Salmonella typhimurium,green_synthesis using Acinetobacter calcoaceticus,Gentamicin,10.0,spherical,MBC,,0.015,0.5,Bacteria,Pseudomonadota,Gammaproteobacteria,Enterobacterales,Enterobacteriaceae,Salmonella,Salmonella enterica,n,39.0,37,2,meat,Aminoglycoside ,11.129477946271102,477.60300000000035,16.71320241000861,5.015798641482701,12965995.530690867,30.016916361976897,12.580053458670426,0.0,0.0,0.0,0.0,0.0,0.0,0.0,47.205283233513654,18.12552248744388,24.794530010557143,0.0,17.201002431486554,20.702225929867296,0.0,0.0,0.0,0.0,0.0,0.0,0.0,0.0,12.841643245852019,6.4208216229260096,0.0,13.971409182367815,13.971409182367815,36.148454246686754,23.720991550922037,0.0,38.34001374191151,17.507355870220174,0.0,-2.1118188855886944,-4.221864506384813,3.5225569882466115,3.492765240673166,2.0,3.0,0.0,3.0,3.0,-3.327499999999995,3.0,0.0,0.0,0.0,0.0,4.0
1277,Salmonella typhimurium,green_synthesis using Acinetobacter calcoaceticus,Kanamycin,10.0,spherical,MBC,,0.015,2.0,Bacteria,Pseudomonadota,Gammaproteobacteria,Enterobacterales,Enterobacteriaceae,Salmonella,Salmonella enterica,n,39.0,37,2,meat,Organooxygen compounds,10.934370590828925,484.50300000000016,16.723934420328636,5.009909437980697,13654838.446765736,61.039663877483015,12.580053458670426,0.0,0.0,0.0,0.0,0.0,0.0,0.0,6.4208216229260096,18.628438064208495,12.648722793660879,0.0,22.93466990864874,13.151638370425493,0.0,0.0,0.0,0.0,0.0,0.0,0.0,0.0,0.0,0.0,0.0,0.0,0.0,41.88212172384894,22.188645928553036,0.0,70.89126281071222,23.505097560217962,0.0,-2.8618546241042164,-16.459712694205745,-0.7634389811732607,0.0,2.0,3.0,0.0,3.0,3.0,-7.2914000000000065,7.0,0.0,0.0,0.0,0.0,4.0
1279,Salmonella typhimurium,green_synthesis using Acinetobacter calcoaceticus,Ampicillin,10.0,spherical,MBC,,0.015,32.0,Bacteria,Pseudomonadota,Gammaproteobacteria,Enterobacterales,Enterobacteriaceae,Salmonella,Salmonella enterica,n,39.0,37,2,meat,Organoheterocyclic compounds,12.334172965482487,349.4120000000001,32.1669062252244,8.013147836891157,206112.98596074485,23.499395300412623,0.0,11.814359458703011,0.0,5.969305287951849,4.794537184071822,0.0,11.761884949391115,30.33183534230805,19.410925891078243,4.747022453217559,0.0,29.545549696045974,5.733667477162185,0.0,35.89528683400505,0.0,0.0,11.761884949391115,0.0,0.0,0.0,0.0,5.563451491696996,0.0,16.66179468024159,38.112942673227685,6.06636706846161,5.733667477162185,-0.6178732809698717,1.384119373057865,11.668857470784294,6.59329714138742,-1.8568691887784594,6.376417836304613,0.0,3.5766661417653483,0.0,2.0,2.0,1.0,2.0,3.0,0.3181000000000002,0.0,0.0,1.0,0.0,1.0,0.0
1281,Salmonella typhimurium,green_synthesis using Acinetobacter calcoaceticus,Ceftazidime,10.0,spherical,MBC,,0.015,2.0,Bacteria,Pseudomonadota,Gammaproteobacteria,Enterobacterales,Enterobacteriaceae,Salmonella,Salmonella enterica,n,39.0,37,2,meat,Lactams,13.114328090055071,546.5870000000002,32.166681198615066,7.9983639133930895,130887863.90568937,17.10964163696516,29.78168703174876,5.601050810983688,11.814359458703011,5.969305287951849,14.345615352810384,0.0,23.098670827325854,11.22207979521215,13.847474399381248,28.838755044205193,11.666344601007683,57.6948843445426,5.15571272675054,11.486521083908974,52.93692295705045,0.0,5.131558479839333,23.098670827325854,0.0,0.0,0.0,0.0,11.325958136816055,16.236695608785215,30.98942211923828,29.093520927940727,6.06636706846161,10.571256060898818,1.7813433512507009,2.3200451049992044,28.365058705864,3.830931505999705,-4.0068662117945095,4.364278804086379,3.550427347358645,2.7432530473176975,0.0,2.0,2.0,2.0,1.0,4.0,-1.2991999999999946,0.0,2.0,4.0,0.0,1.0,0.0
1282,Salmonella typhimurium,green_synthesis using Acinetobacter calcoaceticus,Ceftriaxone,10.0,spherical,MBC,,0.015,16.0,Bacteria,Pseudomonadota,Gammaproteobacteria,Enterobacterales,Enterobacteriaceae,Salmonella,Salmonella enterica,n,39.0,37,2,meat,Lactams,12.916804915913412,554.592,32.16802575616794,8.005513176288462,86964842.00764643,29.91647849129853,15.999679964430742,0.0,17.694347795138384,11.528572183003856,14.460318640164214,4.9839785209472085,28.197352635626892,16.917597676141654,5.573104530069267,23.933441966636682,0.0,63.48746400598187,12.20338470942773,24.3491722319333,32.69793868756331,5.879988336435371,5.131558479839333,34.860555776716964,0.0,0.0,0.0,0.0,5.573104530069267,27.99858055817633,35.98122017895694,0.0,0.0,10.571256060898818,1.1911059923735094,3.4097930208811835,30.32908056195552,4.9368402497316435,-3.0399098626612933,-0.9927050581226264,0.0,0.0,2.7234967968158625,2.0,2.0,2.0,1.0,4.0,-1.198999999999999,0.0,4.0,6.0,0.0,1.0,0.0
1284,Salmonella typhimurium,green_synthesis using Acinetobacter calcoaceticus,Ciprofloxacin,10.0,spherical,MBC,,0.25,0.25,Bacteria,Pseudomonadota,Gammaproteobacteria,Enterobacterales,Enterobacteriaceae,Salmonella,Salmonella enterica,n,39.0,37,2,meat,Quinolines,14.607685185185183,331.34700000000004,19.142215575448983,5.932587448237474,672746.5705685621,11.38067233274289,0.0,5.428790391900541,0.0,5.969305287951849,9.184952231746642,0.0,0.0,0.0,24.974377382775238,43.80393423887614,11.204086992299825,22.55961649471647,0.0,31.078935354500782,39.933577617251544,0.0,10.077801322358383,0.0,5.817220841045895,0.0,10.902924932081056,0.0,24.293599804124977,25.93115605767717,12.263210640074686,6.06636706846161,9.467009378641833,0.0,16.43241047808012,0.0,12.6196285019594,0.15943609851348062,-1.755300643086537,3.07809812505249,3.290533509700176,2.9606282188163506,0.0,1.0,2.0,2.0,2.0,4.0,1.5833,0.0,1.0,2.0,0.0,1.0,0.0
1285,Salmonella typhimurium,green_synthesis using Acinetobacter calcoaceticus,Doxycycline,10.0,spherical,MBC,,0.015,64.0,Bacteria,Pseudomonadota,Gammaproteobacteria,Enterobacterales,Enterobacteriaceae,Salmonella,Salmonella enterica,n,39.0,37,2,meat,Tetracyclines,13.31702837616528,462.4550000000002,16.35438123868387,6.24508544694082,8427682.935942445,22.840946106665523,11.384295757348628,5.783244946364939,5.907179729351506,0.0,0.0,0.0,0.0,19.056471336613843,31.64306857167438,11.49101057623066,23.627164754754652,17.473669622081385,17.56947956948497,14.09534396535438,51.990542992229706,5.749511833283905,0.0,0.0,11.835812092322787,0.0,0.0,0.0,5.563451491696996,0.0,25.06162076466647,19.056471336613843,0.0,5.733667477162185,0.0,0.0,55.033717988394216,1.3628127161422192,-8.859922348441467,3.1664695181778963,-1.5895597127739987,1.6766898673049466,2.975209358409214,0.0,3.0,1.0,0.0,4.0,-1.1722999999999981,4.0,0.0,1.0,0.0,3.0,0.0
1286,Salmonella typhimurium,green_synthesis using Acinetobacter calcoaceticus,Tetracycline,10.0,spherical,MBC,,0.5,128.0,Bacteria,Pseudomonadota,Gammaproteobacteria,Enterobacterales,Enterobacteriaceae,Salmonella,Salmonella enterica,n,39.0,37,2,meat,Tetracyclines,13.313695042831949,444.44000000000017,16.349699175563902,6.244441577254103,7541988.5274806805,22.840946106665523,11.384295757348628,5.783244946364939,5.907179729351506,0.0,0.0,0.0,0.0,12.13273413692322,39.06972134812962,17.408916622392056,17.206343131828646,17.473669622081385,17.56947956948497,14.09534396535438,51.990542992229706,5.749511833283905,0.0,0.0,11.835812092322787,0.0,0.0,0.0,0.0,0.0,44.11809210128031,0.0,0.0,5.733667477162185,0.0,0.0,55.036209694953385,-0.6537508730280199,-7.891260886171374,3.050557292176385,-0.1999820483749053,1.4026620895271686,3.062499607842321,0.0,3.0,1.0,0.0,4.0,-0.21439999999999837,4.0,0.0,1.0,0.0,3.0,0.0
1287,Salmonella typhimurium,green_synthesis using Acinetobacter calcoaceticus,Chloramphenicol,10.0,spherical,MBC,,0.015,128.0,Bacteria,Pseudomonadota,Gammaproteobacteria,Enterobacterales,Enterobacteriaceae,Salmonella,Salmonella enterica,n,39.0,37,2,meat,Benzene derivatives,11.304786365163348,323.13199999999995,35.53916852833981,6.530354842931773,20854.00404623344,6.103966387748303,4.836269690250055,0.0,11.594566004035068,0.0,0.0,0.0,0.0,23.20187978046503,17.696185628620217,12.13273413692322,17.57203384247855,34.7964457845001,0.0,6.606881964512918,39.94323803430901,0.0,5.687386274683562,23.20187978046503,10.114318268765572,0.0,0.0,0.0,5.563451491696996,0.0,24.26546827384644,0.0,0.0,28.30840717530574,0.0,10.701515153828765,31.946182154335563,0.16922162383471995,-0.7561620265390101,4.0536671005850895,-1.2529283194759382,-0.5511984284454523,0.0,0.0,0.0,1.0,0.0,1.0,0.9089999999999998,2.0,0.0,1.0,0.0,0.0,0.0
1288,Salmonella typhimurium,green_synthesis using Acinetobacter calcoaceticus,Trimethoprim,10.0,spherical,MBC,,0.015,16.0,Bacteria,Pseudomonadota,Gammaproteobacteria,Enterobacterales,Enterobacteriaceae,Salmonella,Salmonella enterica,n,39.0,37,2,meat,phenol ethers,5.848108465608465,290.32300000000004,16.52993347195911,5.550690334116603,52230.22737876032,5.817862777835028,11.49902366656781,11.6978511142704,0.0,0.0,4.9839785209472085,4.9839785209472085,0.0,0.0,17.696185628620217,18.18111668623608,21.3293926238326,11.766202058821523,0.0,32.796727578156975,29.456480691930288,17.248535499851716,11.766202058821523,0.0,0.0,0.0,0.0,0.0,29.48721990061275,11.126902983393991,0.0,27.526236195445676,12.13273413692322,25.67792381572452,15.924874707790472,0.0,0.0,13.050571864369664,2.228001325657803,3.7165684051398338,2.1425385015117158,0.0,4.703740547004436,0.0,0.0,2.0,0.0,2.0,1.2575999999999998,0.0,2.0,2.0,0.0,0.0,3.0
1289,Staphylococcus aureus,green_synthesis using Acinetobacter calcoaceticus,Amikacin,10.0,spherical,MBC,,0.015,1.0,Bacteria,Bacillota,Bacilli,Bacillales,Staphylococcaceae,Staphylococcus,Staphylococcus aureus,p,36.0,37,2,skin,Organooxygen compounds,12.578430739026395,585.6080000000002,16.72419482977286,5.803959385179921,351840389.6434164,67.14363026523132,12.580053458670426,5.907179729351506,0.0,0.0,0.0,0.0,0.0,0.0,19.386399651764595,12.586597235060536,18.69056362280884,5.907179729351506,22.93466990864874,19.696394776338067,0.0,0.0,0.0,0.0,0.0,0.0,0.0,0.0,0.0,0.0,0.0,0.0,0.0,41.88212172384894,22.508987749652608,0.0,84.8515698880727,23.07815814323158,-0.8451654705857445,-3.4543834318598456,-19.819150484244457,-0.8984471332932249,0.0,2.0,3.0,0.0,3.0,3.0,-8.424200000000015,8.0,0.0,0.0,0.0,0.0,4.0
1290,Staphylococcus aureus,green_synthesis using Acinetobacter calcoaceticus,Gentamicin,10.0,spherical,MBC,,0.125,0.125,Bacteria,Bacillota,Bacilli,Bacillales,Staphylococcaceae,Staphylococcus,Staphylococcus aureus,p,36.0,37,2,skin,Aminoglycoside ,11.129477946271102,477.60300000000035,16.71320241000861,5.015798641482701,12965995.530690867,30.016916361976897,12.580053458670426,0.0,0.0,0.0,0.0,0.0,0.0,0.0,47.205283233513654,18.12552248744388,24.794530010557143,0.0,17.201002431486554,20.702225929867296,0.0,0.0,0.0,0.0,0.0,0.0,0.0,0.0,12.841643245852019,6.4208216229260096,0.0,13.971409182367815,13.971409182367815,36.148454246686754,23.720991550922037,0.0,38.34001374191151,17.507355870220174,0.0,-2.1118188855886944,-4.221864506384813,3.5225569882466115,3.492765240673166,2.0,3.0,0.0,3.0,3.0,-3.327499999999995,3.0,0.0,0.0,0.0,0.0,4.0
1291,Staphylococcus aureus,green_synthesis using Acinetobacter calcoaceticus,Kanamycin,10.0,spherical,MBC,,0.125,1.0,Bacteria,Bacillota,Bacilli,Bacillales,Staphylococcaceae,Staphylococcus,Staphylococcus aureus,p,36.0,37,2,skin,Organooxygen compounds,10.934370590828925,484.50300000000016,16.723934420328636,5.009909437980697,13654838.446765736,61.039663877483015,12.580053458670426,0.0,0.0,0.0,0.0,0.0,0.0,0.0,6.4208216229260096,18.628438064208495,12.648722793660879,0.0,22.93466990864874,13.151638370425493,0.0,0.0,0.0,0.0,0.0,0.0,0.0,0.0,0.0,0.0,0.0,0.0,0.0,41.88212172384894,22.188645928553036,0.0,70.89126281071222,23.505097560217962,0.0,-2.8618546241042164,-16.459712694205745,-0.7634389811732607,0.0,2.0,3.0,0.0,3.0,3.0,-7.2914000000000065,7.0,0.0,0.0,0.0,0.0,4.0
1292,Staphylococcus aureus,green_synthesis using Acinetobacter calcoaceticus,Amoxicillin,10.0,spherical,MBC,,128.0,2048.0,Bacteria,Bacillota,Bacilli,Bacillales,Staphylococcaceae,Staphylococcus,Staphylococcus aureus,p,36.0,37,2,skin,Lactams,12.347538895187707,365.4110000000001,32.16690631043884,8.013148748605687,291485.62989158236,29.248907133696527,0.0,11.814359458703011,0.0,5.969305287951849,4.794537184071822,0.0,11.761884949391115,12.13273413692322,31.54366002800146,4.747022453217559,0.0,29.545549696045974,5.733667477162185,0.0,29.828919765543436,5.749511833283905,0.0,11.761884949391115,0.0,0.0,0.0,0.0,5.563451491696996,0.0,40.927262954088036,13.847474399381248,0.0,5.733667477162185,-0.6481045711443436,1.3530174446832093,20.864004624308485,6.4092400741160676,-1.9379691177460066,3.205759785982547,0.0,3.533958493288469,0.0,2.0,2.0,1.0,2.0,3.0,0.023700000000000443,0.0,0.0,1.0,0.0,1.0,0.0
1293,Staphylococcus aureus,green_synthesis using Acinetobacter calcoaceticus,Ampicillin,10.0,spherical,MBC,,64.0,512.0,Bacteria,Bacillota,Bacilli,Bacillales,Staphylococcaceae,Staphylococcus,Staphylococcus aureus,p,36.0,37,2,skin,Organoheterocyclic compounds,12.334172965482487,349.4120000000001,32.1669062252244,8.013147836891157,206112.98596074485,23.499395300412623,0.0,11.814359458703011,0.0,5.969305287951849,4.794537184071822,0.0,11.761884949391115,30.33183534230805,19.410925891078243,4.747022453217559,0.0,29.545549696045974,5.733667477162185,0.0,35.89528683400505,0.0,0.0,11.761884949391115,0.0,0.0,0.0,0.0,5.563451491696996,0.0,16.66179468024159,38.112942673227685,6.06636706846161,5.733667477162185,-0.6178732809698717,1.384119373057865,11.668857470784294,6.59329714138742,-1.8568691887784594,6.376417836304613,0.0,3.5766661417653483,0.0,2.0,2.0,1.0,2.0,3.0,0.3181000000000002,0.0,0.0,1.0,0.0,1.0,0.0
1294,Staphylococcus aureus,green_synthesis using Acinetobacter calcoaceticus,Penicillin,10.0,spherical,MBC,,0.125,4096.0,Bacteria,Bacillota,Bacilli,Bacillales,Staphylococcaceae,Staphylococcus,Staphylococcus aureus,p,36.0,37,2,skin,Carboxylic acids and derivatives,12.240541068279164,372.4870000000001,25.207673885808145,6.828514093053763,129114.72313101777,11.4157136421167,0.0,11.814359458703011,0.0,51.38453490628663,0.0,0.0,11.761884949391115,30.33183534230805,19.410925891078243,4.747022453217559,18.43196774002582,29.545549696045974,0.0,0.0,35.89528683400505,0.0,0.0,11.761884949391115,0.0,0.0,0.0,0.0,0.0,5.563451491696996,16.66179468024159,13.847474399381248,30.33183534230805,0.0,-0.6408058915140893,1.3837074305030652,13.688867856578966,0.8617091967960027,-1.860551030342245,7.609196356195676,0.18979583963214886,3.540840524481397,0.0,2.0,2.0,1.0,2.0,3.0,-3.4698999999999973,0.0,0.0,1.0,0.0,1.0,0.0
1295,Staphylococcus aureus,green_synthesis using Acinetobacter calcoaceticus,Ceftazidime,10.0,spherical,MBC,,0.06,0.5,Bacteria,Bacillota,Bacilli,Bacillales,Staphylococcaceae,Staphylococcus,Staphylococcus aureus,p,36.0,37,2,skin,Lactams,13.114328090055071,546.5870000000002,32.166681198615066,7.9983639133930895,130887863.90568937,17.10964163696516,29.78168703174876,5.601050810983688,11.814359458703011,5.969305287951849,14.345615352810384,0.0,23.098670827325854,11.22207979521215,13.847474399381248,28.838755044205193,11.666344601007683,57.6948843445426,5.15571272675054,11.486521083908974,52.93692295705045,0.0,5.131558479839333,23.098670827325854,0.0,0.0,0.0,0.0,11.325958136816055,16.236695608785215,30.98942211923828,29.093520927940727,6.06636706846161,10.571256060898818,1.7813433512507009,2.3200451049992044,28.365058705864,3.830931505999705,-4.0068662117945095,4.364278804086379,3.550427347358645,2.7432530473176975,0.0,2.0,2.0,2.0,1.0,4.0,-1.2991999999999946,0.0,2.0,4.0,0.0,1.0,0.0
1296,Staphylococcus aureus,green_synthesis using Acinetobacter calcoaceticus,Ceftriaxone,10.0,spherical,MBC,,0.25,1.0,Bacteria,Bacillota,Bacilli,Bacillales,Staphylococcaceae,Staphylococcus,Staphylococcus aureus,p,36.0,37,2,skin,Lactams,12.916804915913412,554.592,32.16802575616794,8.005513176288462,86964842.00764643,29.91647849129853,15.999679964430742,0.0,17.694347795138384,11.528572183003856,14.460318640164214,4.9839785209472085,28.197352635626892,16.917597676141654,5.573104530069267,23.933441966636682,0.0,63.48746400598187,12.20338470942773,24.3491722319333,32.69793868756331,5.879988336435371,5.131558479839333,34.860555776716964,0.0,0.0,0.0,0.0,5.573104530069267,27.99858055817633,35.98122017895694,0.0,0.0,10.571256060898818,1.1911059923735094,3.4097930208811835,30.32908056195552,4.9368402497316435,-3.0399098626612933,-0.9927050581226264,0.0,0.0,2.7234967968158625,2.0,2.0,2.0,1.0,4.0,-1.198999999999999,0.0,4.0,6.0,0.0,1.0,0.0
1297,Staphylococcus aureus,green_synthesis using Acinetobacter calcoaceticus,Vancomycin,10.0,spherical,MBC,,64.0,512.0,Bacteria,Bacillota,Bacilli,Bacillales,Staphylococcaceae,Staphylococcus,Staphylococcus aureus,p,36.0,37,2,skin,carboxylic acids,16.017214138834966,1449.2710000000004,35.4967930759403,6.321583236316157,1.2011332476804883e+25,89.47659525090083,29.934857612799288,53.389796668079654,0.0,5.969305287951849,4.794537184071822,0.0,0.0,55.24845538523111,110.08498363408832,34.71646841886195,41.32274381956614,70.52144317387742,17.385241000485763,13.654553947190108,116.72529597596859,57.12299764966523,0.0,23.20187978046503,5.917906046161393,10.045266627482652,11.126902983393991,14.383611552215466,0.0,66.73003775307771,33.02788051898166,0.0,13.847474399381248,63.090392457589694,38.297719817048595,14.104060618953639,130.50687133113217,8.003711425926706,-15.9867848461044,-0.6786651744934149,-18.55014789207184,5.659418699136037,1.4723086925515987,7.0,7.0,5.0,2.0,12.0,0.10620000000000512,6.0,0.0,0.0,0.0,15.0,6.0
1298,Staphylococcus aureus,green_synthesis using Acinetobacter calcoaceticus,Ciprofloxacin,10.0,spherical,MBC,,0.015,0.015,Bacteria,Bacillota,Bacilli,Bacillales,Staphylococcaceae,Staphylococcus,Staphylococcus aureus,p,36.0,37,2,skin,Quinolines,14.607685185185183,331.34700000000004,19.142215575448983,5.932587448237474,672746.5705685621,11.38067233274289,0.0,5.428790391900541,0.0,5.969305287951849,9.184952231746642,0.0,0.0,0.0,24.974377382775238,43.80393423887614,11.204086992299825,22.55961649471647,0.0,31.078935354500782,39.933577617251544,0.0,10.077801322358383,0.0,5.817220841045895,0.0,10.902924932081056,0.0,24.293599804124977,25.93115605767717,12.263210640074686,6.06636706846161,9.467009378641833,0.0,16.43241047808012,0.0,12.6196285019594,0.15943609851348062,-1.755300643086537,3.07809812505249,3.290533509700176,2.9606282188163506,0.0,1.0,2.0,2.0,2.0,4.0,1.5833,0.0,1.0,2.0,0.0,1.0,0.0
1299,Staphylococcus aureus,green_synthesis using Acinetobacter calcoaceticus,Doxycycline,10.0,spherical,MBC,,4.0,32.0,Bacteria,Bacillota,Bacilli,Bacillales,Staphylococcaceae,Staphylococcus,Staphylococcus aureus,p,36.0,37,2,skin,Tetracyclines,13.31702837616528,462.4550000000002,16.35438123868387,6.24508544694082,8427682.935942445,22.840946106665523,11.384295757348628,5.783244946364939,5.907179729351506,0.0,0.0,0.0,0.0,19.056471336613843,31.64306857167438,11.49101057623066,23.627164754754652,17.473669622081385,17.56947956948497,14.09534396535438,51.990542992229706,5.749511833283905,0.0,0.0,11.835812092322787,0.0,0.0,0.0,5.563451491696996,0.0,25.06162076466647,19.056471336613843,0.0,5.733667477162185,0.0,0.0,55.033717988394216,1.3628127161422192,-8.859922348441467,3.1664695181778963,-1.5895597127739987,1.6766898673049466,2.975209358409214,0.0,3.0,1.0,0.0,4.0,-1.1722999999999981,4.0,0.0,1.0,0.0,3.0,0.0
1300,Staphylococcus aureus,green_synthesis using Acinetobacter calcoaceticus,Tetracycline,10.0,spherical,MBC,,2.0,16.0,Bacteria,Bacillota,Bacilli,Bacillales,Staphylococcaceae,Staphylococcus,Staphylococcus aureus,p,36.0,37,2,skin,Tetracyclines,13.313695042831949,444.44000000000017,16.349699175563902,6.244441577254103,7541988.5274806805,22.840946106665523,11.384295757348628,5.783244946364939,5.907179729351506,0.0,0.0,0.0,0.0,12.13273413692322,39.06972134812962,17.408916622392056,17.206343131828646,17.473669622081385,17.56947956948497,14.09534396535438,51.990542992229706,5.749511833283905,0.0,0.0,11.835812092322787,0.0,0.0,0.0,0.0,0.0,44.11809210128031,0.0,0.0,5.733667477162185,0.0,0.0,55.036209694953385,-0.6537508730280199,-7.891260886171374,3.050557292176385,-0.1999820483749053,1.4026620895271686,3.062499607842321,0.0,3.0,1.0,0.0,4.0,-0.21439999999999837,4.0,0.0,1.0,0.0,3.0,0.0
1301,Staphylococcus aureus,green_synthesis using Acinetobacter calcoaceticus,Chloramphenicol,10.0,spherical,MBC,,1024.0,4096.0,Bacteria,Bacillota,Bacilli,Bacillales,Staphylococcaceae,Staphylococcus,Staphylococcus aureus,p,36.0,37,2,skin,Benzene derivatives,11.304786365163348,323.13199999999995,35.53916852833981,6.530354842931773,20854.00404623344,6.103966387748303,4.836269690250055,0.0,11.594566004035068,0.0,0.0,0.0,0.0,23.20187978046503,17.696185628620217,12.13273413692322,17.57203384247855,34.7964457845001,0.0,6.606881964512918,39.94323803430901,0.0,5.687386274683562,23.20187978046503,10.114318268765572,0.0,0.0,0.0,5.563451491696996,0.0,24.26546827384644,0.0,0.0,28.30840717530574,0.0,10.701515153828765,31.946182154335563,0.16922162383471995,-0.7561620265390101,4.0536671005850895,-1.2529283194759382,-0.5511984284454523,0.0,0.0,0.0,1.0,0.0,1.0,0.9089999999999998,2.0,0.0,1.0,0.0,0.0,0.0
1302,Staphylococcus aureus,green_synthesis using Acinetobacter calcoaceticus,Trimethoprim,10.0,spherical,MBC,,0.5,2.0,Bacteria,Bacillota,Bacilli,Bacillales,Staphylococcaceae,Staphylococcus,Staphylococcus aureus,p,36.0,37,2,skin,phenol ethers,5.848108465608465,290.32300000000004,16.52993347195911,5.550690334116603,52230.22737876032,5.817862777835028,11.49902366656781,11.6978511142704,0.0,0.0,4.9839785209472085,4.9839785209472085,0.0,0.0,17.696185628620217,18.18111668623608,21.3293926238326,11.766202058821523,0.0,32.796727578156975,29.456480691930288,17.248535499851716,11.766202058821523,0.0,0.0,0.0,0.0,0.0,29.48721990061275,11.126902983393991,0.0,27.526236195445676,12.13273413692322,25.67792381572452,15.924874707790472,0.0,0.0,13.050571864369664,2.228001325657803,3.7165684051398338,2.1425385015117158,0.0,4.703740547004436,0.0,0.0,2.0,0.0,2.0,1.2575999999999998,0.0,2.0,2.0,0.0,0.0,3.0
1307,Streptococcus mutans,green_synthesis using Acinetobacter calcoaceticus,Ampicillin,10.0,spherical,MBC,,32.0,64.0,Bacteria,Bacillota,Bacilli,Lactobacillales,Streptococcaceae,Streptococcus,Streptococcus mutans,p,36.0,37,2,carious dentine,Organoheterocyclic compounds,12.334172965482487,349.4120000000001,32.1669062252244,8.013147836891157,206112.98596074485,23.499395300412623,0.0,11.814359458703011,0.0,5.969305287951849,4.794537184071822,0.0,11.761884949391115,30.33183534230805,19.410925891078243,4.747022453217559,0.0,29.545549696045974,5.733667477162185,0.0,35.89528683400505,0.0,0.0,11.761884949391115,0.0,0.0,0.0,0.0,5.563451491696996,0.0,16.66179468024159,38.112942673227685,6.06636706846161,5.733667477162185,-0.6178732809698717,1.384119373057865,11.668857470784294,6.59329714138742,-1.8568691887784594,6.376417836304613,0.0,3.5766661417653483,0.0,2.0,2.0,1.0,2.0,3.0,0.3181000000000002,0.0,0.0,1.0,0.0,1.0,0.0
1308,Streptococcus mutans,green_synthesis using Acinetobacter calcoaceticus,Penicillin,10.0,spherical,MBC,,2.0,128.0,Bacteria,Bacillota,Bacilli,Lactobacillales,Streptococcaceae,Streptococcus,Streptococcus mutans,p,36.0,37,2,carious dentine,Carboxylic acids and derivatives,12.240541068279164,372.4870000000001,25.207673885808145,6.828514093053763,129114.72313101777,11.4157136421167,0.0,11.814359458703011,0.0,51.38453490628663,0.0,0.0,11.761884949391115,30.33183534230805,19.410925891078243,4.747022453217559,18.43196774002582,29.545549696045974,0.0,0.0,35.89528683400505,0.0,0.0,11.761884949391115,0.0,0.0,0.0,0.0,0.0,5.563451491696996,16.66179468024159,13.847474399381248,30.33183534230805,0.0,-0.6408058915140893,1.3837074305030652,13.688867856578966,0.8617091967960027,-1.860551030342245,7.609196356195676,0.18979583963214886,3.540840524481397,0.0,2.0,2.0,1.0,2.0,3.0,-3.4698999999999973,0.0,0.0,1.0,0.0,1.0,0.0
1309,Streptococcus mutans,green_synthesis using Acinetobacter calcoaceticus,Ceftazidime,10.0,spherical,MBC,,0.015,16.0,Bacteria,Bacillota,Bacilli,Lactobacillales,Streptococcaceae,Streptococcus,Streptococcus mutans,p,36.0,37,2,carious dentine,Lactams,13.114328090055071,546.5870000000002,32.166681198615066,7.9983639133930895,130887863.90568937,17.10964163696516,29.78168703174876,5.601050810983688,11.814359458703011,5.969305287951849,14.345615352810384,0.0,23.098670827325854,11.22207979521215,13.847474399381248,28.838755044205193,11.666344601007683,57.6948843445426,5.15571272675054,11.486521083908974,52.93692295705045,0.0,5.131558479839333,23.098670827325854,0.0,0.0,0.0,0.0,11.325958136816055,16.236695608785215,30.98942211923828,29.093520927940727,6.06636706846161,10.571256060898818,1.7813433512507009,2.3200451049992044,28.365058705864,3.830931505999705,-4.0068662117945095,4.364278804086379,3.550427347358645,2.7432530473176975,0.0,2.0,2.0,2.0,1.0,4.0,-1.2991999999999946,0.0,2.0,4.0,0.0,1.0,0.0
1310,Streptococcus mutans,green_synthesis using Acinetobacter calcoaceticus,Ceftriaxone,10.0,spherical,MBC,,0.015,2.0,Bacteria,Bacillota,Bacilli,Lactobacillales,Streptococcaceae,Streptococcus,Streptococcus mutans,p,36.0,37,2,carious dentine,Lactams,12.916804915913412,554.592,32.16802575616794,8.005513176288462,86964842.00764643,29.91647849129853,15.999679964430742,0.0,17.694347795138384,11.528572183003856,14.460318640164214,4.9839785209472085,28.197352635626892,16.917597676141654,5.573104530069267,23.933441966636682,0.0,63.48746400598187,12.20338470942773,24.3491722319333,32.69793868756331,5.879988336435371,5.131558479839333,34.860555776716964,0.0,0.0,0.0,0.0,5.573104530069267,27.99858055817633,35.98122017895694,0.0,0.0,10.571256060898818,1.1911059923735094,3.4097930208811835,30.32908056195552,4.9368402497316435,-3.0399098626612933,-0.9927050581226264,0.0,0.0,2.7234967968158625,2.0,2.0,2.0,1.0,4.0,-1.198999999999999,0.0,4.0,6.0,0.0,1.0,0.0
1311,Streptococcus mutans,green_synthesis using Acinetobacter calcoaceticus,Vancomycin,10.0,spherical,MBC,,0.125,4.0,Bacteria,Bacillota,Bacilli,Lactobacillales,Streptococcaceae,Streptococcus,Streptococcus mutans,p,36.0,37,2,carious dentine,carboxylic acids,16.017214138834966,1449.2710000000004,35.4967930759403,6.321583236316157,1.2011332476804883e+25,89.47659525090083,29.934857612799288,53.389796668079654,0.0,5.969305287951849,4.794537184071822,0.0,0.0,55.24845538523111,110.08498363408832,34.71646841886195,41.32274381956614,70.52144317387742,17.385241000485763,13.654553947190108,116.72529597596859,57.12299764966523,0.0,23.20187978046503,5.917906046161393,10.045266627482652,11.126902983393991,14.383611552215466,0.0,66.73003775307771,33.02788051898166,0.0,13.847474399381248,63.090392457589694,38.297719817048595,14.104060618953639,130.50687133113217,8.003711425926706,-15.9867848461044,-0.6786651744934149,-18.55014789207184,5.659418699136037,1.4723086925515987,7.0,7.0,5.0,2.0,12.0,0.10620000000000512,6.0,0.0,0.0,0.0,15.0,6.0
1314,Streptococcus mutans,green_synthesis using Acinetobacter calcoaceticus,Tetracycline,10.0,spherical,MBC,,0.015,1.0,Bacteria,Bacillota,Bacilli,Lactobacillales,Streptococcaceae,Streptococcus,Streptococcus mutans,p,36.0,37,2,carious dentine,Tetracyclines,13.313695042831949,444.44000000000017,16.349699175563902,6.244441577254103,7541988.5274806805,22.840946106665523,11.384295757348628,5.783244946364939,5.907179729351506,0.0,0.0,0.0,0.0,12.13273413692322,39.06972134812962,17.408916622392056,17.206343131828646,17.473669622081385,17.56947956948497,14.09534396535438,51.990542992229706,5.749511833283905,0.0,0.0,11.835812092322787,0.0,0.0,0.0,0.0,0.0,44.11809210128031,0.0,0.0,5.733667477162185,0.0,0.0,55.036209694953385,-0.6537508730280199,-7.891260886171374,3.050557292176385,-0.1999820483749053,1.4026620895271686,3.062499607842321,0.0,3.0,1.0,0.0,4.0,-0.21439999999999837,4.0,0.0,1.0,0.0,3.0,0.0
1315,Streptococcus mutans,green_synthesis using Acinetobacter calcoaceticus,Chloramphenicol,10.0,spherical,MBC,,0.5,4.0,Bacteria,Bacillota,Bacilli,Lactobacillales,Streptococcaceae,Streptococcus,Streptococcus mutans,p,36.0,37,2,carious dentine,Benzene derivatives,11.304786365163348,323.13199999999995,35.53916852833981,6.530354842931773,20854.00404623344,6.103966387748303,4.836269690250055,0.0,11.594566004035068,0.0,0.0,0.0,0.0,23.20187978046503,17.696185628620217,12.13273413692322,17.57203384247855,34.7964457845001,0.0,6.606881964512918,39.94323803430901,0.0,5.687386274683562,23.20187978046503,10.114318268765572,0.0,0.0,0.0,5.563451491696996,0.0,24.26546827384644,0.0,0.0,28.30840717530574,0.0,10.701515153828765,31.946182154335563,0.16922162383471995,-0.7561620265390101,4.0536671005850895,-1.2529283194759382,-0.5511984284454523,0.0,0.0,0.0,1.0,0.0,1.0,0.9089999999999998,2.0,0.0,1.0,0.0,0.0,0.0
1316,Streptococcus mutans,green_synthesis using Acinetobacter calcoaceticus,Trimethoprim,10.0,spherical,MBC,,0.015,4.0,Bacteria,Bacillota,Bacilli,Lactobacillales,Streptococcaceae,Streptococcus,Streptococcus mutans,p,36.0,37,2,carious dentine,phenol ethers,5.848108465608465,290.32300000000004,16.52993347195911,5.550690334116603,52230.22737876032,5.817862777835028,11.49902366656781,11.6978511142704,0.0,0.0,4.9839785209472085,4.9839785209472085,0.0,0.0,17.696185628620217,18.18111668623608,21.3293926238326,11.766202058821523,0.0,32.796727578156975,29.456480691930288,17.248535499851716,11.766202058821523,0.0,0.0,0.0,0.0,0.0,29.48721990061275,11.126902983393991,0.0,27.526236195445676,12.13273413692322,25.67792381572452,15.924874707790472,0.0,0.0,13.050571864369664,2.228001325657803,3.7165684051398338,2.1425385015117158,0.0,4.703740547004436,0.0,0.0,2.0,0.0,2.0,1.2575999999999998,0.0,2.0,2.0,0.0,0.0,3.0
1320,Acinetobacter baumannii,green_synthesis using Acinetobacter calcoaceticus,Ampicillin,10.0,spherical,MIC,16.0,8.0,4096.0,Bacteria,Pseudomonadota,Gammaproteobacteria,Moraxellales,Moraxellaceae,Acinetobacter,Acinetobacter calcoaceticus/baumannii complex,n,36.0,37,2,urine,Organoheterocyclic compounds,12.334172965482487,349.4120000000001,32.1669062252244,8.013147836891157,206112.98596074485,23.499395300412623,0.0,11.814359458703011,0.0,5.969305287951849,4.794537184071822,0.0,11.761884949391115,30.33183534230805,19.410925891078243,4.747022453217559,0.0,29.545549696045974,5.733667477162185,0.0,35.89528683400505,0.0,0.0,11.761884949391115,0.0,0.0,0.0,0.0,5.563451491696996,0.0,16.66179468024159,38.112942673227685,6.06636706846161,5.733667477162185,-0.6178732809698717,1.384119373057865,11.668857470784294,6.59329714138742,-1.8568691887784594,6.376417836304613,0.0,3.5766661417653483,0.0,2.0,2.0,1.0,2.0,3.0,0.3181000000000002,0.0,0.0,1.0,0.0,1.0,0.0
1321,Acinetobacter baumannii,green_synthesis using Acinetobacter calcoaceticus,Amoxicillin,10.0,spherical,MIC,16.0,8.0,2048.0,Bacteria,Pseudomonadota,Gammaproteobacteria,Moraxellales,Moraxellaceae,Acinetobacter,Acinetobacter calcoaceticus/baumannii complex,n,36.0,37,2,urine,Lactams,12.347538895187707,365.4110000000001,32.16690631043884,8.013148748605687,291485.62989158236,29.248907133696527,0.0,11.814359458703011,0.0,5.969305287951849,4.794537184071822,0.0,11.761884949391115,12.13273413692322,31.54366002800146,4.747022453217559,0.0,29.545549696045974,5.733667477162185,0.0,29.828919765543436,5.749511833283905,0.0,11.761884949391115,0.0,0.0,0.0,0.0,5.563451491696996,0.0,40.927262954088036,13.847474399381248,0.0,5.733667477162185,-0.6481045711443436,1.3530174446832093,20.864004624308485,6.4092400741160676,-1.9379691177460066,3.205759785982547,0.0,3.533958493288469,0.0,2.0,2.0,1.0,2.0,3.0,0.023700000000000443,0.0,0.0,1.0,0.0,1.0,0.0
1322,Acinetobacter baumannii,green_synthesis using Acinetobacter calcoaceticus,Doxycycline,10.0,spherical,MIC,16.0,0.125,1.0,Bacteria,Pseudomonadota,Gammaproteobacteria,Moraxellales,Moraxellaceae,Acinetobacter,Acinetobacter calcoaceticus/baumannii complex,n,36.0,37,2,urine,Tetracyclines,13.31702837616528,462.4550000000002,16.35438123868387,6.24508544694082,8427682.935942445,22.840946106665523,11.384295757348628,5.783244946364939,5.907179729351506,0.0,0.0,0.0,0.0,19.056471336613843,31.64306857167438,11.49101057623066,23.627164754754652,17.473669622081385,17.56947956948497,14.09534396535438,51.990542992229706,5.749511833283905,0.0,0.0,11.835812092322787,0.0,0.0,0.0,5.563451491696996,0.0,25.06162076466647,19.056471336613843,0.0,5.733667477162185,0.0,0.0,55.033717988394216,1.3628127161422192,-8.859922348441467,3.1664695181778963,-1.5895597127739987,1.6766898673049466,2.975209358409214,0.0,3.0,1.0,0.0,4.0,-1.1722999999999981,4.0,0.0,1.0,0.0,3.0,0.0
1323,Acinetobacter baumannii,green_synthesis using Acinetobacter calcoaceticus,Tetracycline,10.0,spherical,MIC,16.0,0.5,4.0,Bacteria,Pseudomonadota,Gammaproteobacteria,Moraxellales,Moraxellaceae,Acinetobacter,Acinetobacter calcoaceticus/baumannii complex,n,36.0,37,2,urine,Tetracyclines,13.313695042831949,444.44000000000017,16.349699175563902,6.244441577254103,7541988.5274806805,22.840946106665523,11.384295757348628,5.783244946364939,5.907179729351506,0.0,0.0,0.0,0.0,12.13273413692322,39.06972134812962,17.408916622392056,17.206343131828646,17.473669622081385,17.56947956948497,14.09534396535438,51.990542992229706,5.749511833283905,0.0,0.0,11.835812092322787,0.0,0.0,0.0,0.0,0.0,44.11809210128031,0.0,0.0,5.733667477162185,0.0,0.0,55.036209694953385,-0.6537508730280199,-7.891260886171374,3.050557292176385,-0.1999820483749053,1.4026620895271686,3.062499607842321,0.0,3.0,1.0,0.0,4.0,-0.21439999999999837,4.0,0.0,1.0,0.0,3.0,0.0
1324,Acinetobacter baumannii,green_synthesis using Acinetobacter calcoaceticus,Erythromycin,10.0,spherical,MIC,16.0,0.0625,64.0,Bacteria,Pseudomonadota,Gammaproteobacteria,Moraxellales,Moraxellaceae,Acinetobacter,Acinetobacter calcoaceticus/baumannii complex,n,36.0,37,2,urine,Organooxygen compounds,14.07322487429698,733.9370000000002,16.713665249155902,5.832879433381561,26903252120.26668,29.696194920593534,12.580053458670426,0.0,0.0,5.969305287951849,0.0,0.0,0.0,27.694948798762496,74.90023203227615,37.32617813183568,47.639839606870275,11.75255023431679,23.671624184645573,21.205141506631914,0.0,0.0,0.0,0.0,23.671624184645573,0.0,0.0,0.0,6.4208216229260096,0.0,27.881009140349406,41.54242319814374,25.918990895895483,28.421177722800294,37.053620667495466,0.0,57.610189695505454,-4.839054123328079,-4.976776577237158,-0.32375479730260404,-9.707663812251559,16.331179639911554,5.176381083672508,3.0,3.0,0.0,3.0,3.0,1.785600000000004,5.0,0.0,1.0,0.0,0.0,6.0
1344,Pseudomonas aeruginosa,chemical_synthesis using high voltage method on pure silver,Ampicillin,18.5,spherical,MIC,1.0,0.25,256.0,Bacteria,Pseudomonadota,Gammaproteobacteria,Pseudomonadales,Pseudomonadaceae,Pseudomonas,Pseudomonas aeruginosa group,n,48.0,37,2,soil,Organoheterocyclic compounds,12.334172965482487,349.4120000000001,32.1669062252244,8.013147836891157,206112.98596074485,23.499395300412623,0.0,11.814359458703011,0.0,5.969305287951849,4.794537184071822,0.0,11.761884949391115,30.33183534230805,19.410925891078243,4.747022453217559,0.0,29.545549696045974,5.733667477162185,0.0,35.89528683400505,0.0,0.0,11.761884949391115,0.0,0.0,0.0,0.0,5.563451491696996,0.0,16.66179468024159,38.112942673227685,6.06636706846161,5.733667477162185,-0.6178732809698717,1.384119373057865,11.668857470784294,6.59329714138742,-1.8568691887784594,6.376417836304613,0.0,3.5766661417653483,0.0,2.0,2.0,1.0,2.0,3.0,0.3181000000000002,0.0,0.0,1.0,0.0,1.0,0.0
1345,Pseudomonas aeruginosa,chemical_synthesis using high voltage method on pure silver,Oxacillin,18.5,spherical,MIC,1.0,5.0,768.0,Bacteria,Pseudomonadota,Gammaproteobacteria,Pseudomonadales,Pseudomonadaceae,Pseudomonas,Pseudomonas aeruginosa group,n,48.0,37,2,soil,Carboxylic acids and derivatives,12.927406620055429,401.44400000000013,32.166906517002495,8.013154056457324,2035775.1986077141,34.47518137668456,0.0,5.907179729351506,5.907179729351506,5.969305287951849,4.794537184071822,0.0,11.761884949391115,35.4884985994335,20.771211599071872,10.310473944914555,0.0,29.545549696045974,0.0,0.0,41.655534252879484,11.257379486545457,0.0,11.761884949391115,6.923737199690624,0.0,11.257379486545457,0.0,11.454175413722904,5.563451491696996,16.66179468024159,20.771211599071872,30.33183534230805,4.523094936973348,4.565510623785785,1.380372584282667,15.813590753734081,1.4073297249404317,-1.547087184566701,7.45705251012246,0.0,5.216581742622056,0.0,2.0,2.0,2.0,2.0,4.0,1.89532,0.0,1.0,2.0,0.0,1.0,0.0
1346,Pseudomonas aeruginosa,chemical_synthesis using high voltage method on pure silver,Streptomycin,18.5,spherical,MIC,1.0,0.25,24.0,Bacteria,Pseudomonadota,Gammaproteobacteria,Pseudomonadales,Pseudomonadaceae,Pseudomonas,Pseudomonas aeruginosa group,n,48.0,37,2,soil,Organooxygen compounds,12.066983644250232,581.5800000000005,16.76083165473736,5.763827323799618,309841678.95483994,60.91541276028234,36.38637393027133,0.0,0.0,0.0,9.984809465271338,0.0,0.0,0.0,13.971409182367815,0.0,18.75268918140918,18.205269660617226,32.919479373920076,13.654553947190108,0.0,0.0,0.0,0.0,0.0,0.0,0.0,0.0,0.0,0.0,13.971409182367815,0.0,0.0,41.88212172384894,22.94253289058383,0.0,76.63545537503171,19.379660756073754,-1.033988377539079,-4.081214578234278,-17.319876642627715,0.6200089351018281,1.4179156661352939,2.0,3.0,0.0,3.0,3.0,-8.161100000000008,7.0,0.0,2.0,0.0,0.0,4.0
1347,Pseudomonas aeruginosa,chemical_synthesis using high voltage method on pure silver,Rifampicin,18.5,spherical,MIC,1.0,0.125,16.0,Bacteria,Pseudomonadota,Gammaproteobacteria,Pseudomonadales,Pseudomonadaceae,Pseudomonas,Pseudomonas aeruginosa group,n,48.0,37,2,soil,Macrolactams,14.425629624280763,822.9530000000003,16.706167354567828,6.234647895184058,3443399886748.2905,23.35250188760002,5.749511833283905,0.0,11.690424675716445,11.756416440522447,0.0,5.101407525739723,0.0,45.92300911926414,26.97116648889232,87.3307019851857,52.98909366374336,40.33416524681676,28.77303171038529,45.653283751611355,52.82961988091657,22.99804733313562,5.687386274683562,0.0,30.595361384336194,0.0,10.772448428929591,0.0,13.08951281182515,13.08951281182515,59.43346758166389,44.85590153638479,7.04767198267719,18.947451815200196,23.596420517505617,0.0,66.84818411685347,-0.35005530822548714,-8.342717254488937,0.0,4.8603847953800585,15.090435620913437,3.4206443514765565,4.0,4.0,2.0,1.0,6.0,4.335420000000004,2.0,0.0,3.0,2.0,14.0,4.0
1348,Pseudomonas aeruginosa,chemical_synthesis using high voltage method on pure silver,Ciprofloxacin,18.5,spherical,MIC,1.0,0.5,0.25,Bacteria,Pseudomonadota,Gammaproteobacteria,Pseudomonadales,Pseudomonadaceae,Pseudomonas,Pseudomonas aeruginosa group,n,48.0,37,2,soil,Quinolines,14.607685185185183,331.34700000000004,19.142215575448983,5.932587448237474,672746.5705685621,11.38067233274289,0.0,5.428790391900541,0.0,5.969305287951849,9.184952231746642,0.0,0.0,0.0,24.974377382775238,43.80393423887614,11.204086992299825,22.55961649471647,0.0,31.078935354500782,39.933577617251544,0.0,10.077801322358383,0.0,5.817220841045895,0.0,10.902924932081056,0.0,24.293599804124977,25.93115605767717,12.263210640074686,6.06636706846161,9.467009378641833,0.0,16.43241047808012,0.0,12.6196285019594,0.15943609851348062,-1.755300643086537,3.07809812505249,3.290533509700176,2.9606282188163506,0.0,1.0,2.0,2.0,2.0,4.0,1.5833,0.0,1.0,2.0,0.0,1.0,0.0
1349,Pseudomonas aeruginosa,chemical_synthesis using high voltage method on pure silver,Tetracycline,18.5,spherical,MIC,1.0,0.25,10.0,Bacteria,Pseudomonadota,Gammaproteobacteria,Pseudomonadales,Pseudomonadaceae,Pseudomonas,Pseudomonas aeruginosa group,n,48.0,37,2,soil,Tetracyclines,13.313695042831949,444.44000000000017,16.349699175563902,6.244441577254103,7541988.5274806805,22.840946106665523,11.384295757348628,5.783244946364939,5.907179729351506,0.0,0.0,0.0,0.0,12.13273413692322,39.06972134812962,17.408916622392056,17.206343131828646,17.473669622081385,17.56947956948497,14.09534396535438,51.990542992229706,5.749511833283905,0.0,0.0,11.835812092322787,0.0,0.0,0.0,0.0,0.0,44.11809210128031,0.0,0.0,5.733667477162185,0.0,0.0,55.036209694953385,-0.6537508730280199,-7.891260886171374,3.050557292176385,-0.1999820483749053,1.4026620895271686,3.062499607842321,0.0,3.0,1.0,0.0,4.0,-0.21439999999999837,4.0,0.0,1.0,0.0,3.0,0.0
1350,Pseudomonas aeruginosa,chemical_synthesis using high voltage method on pure silver,Meropenem,18.5,spherical,MIC,1.0,0.25,0.5,Bacteria,Pseudomonadota,Gammaproteobacteria,Pseudomonadales,Pseudomonadaceae,Pseudomonas,Pseudomonas aeruginosa group,n,48.0,37,2,soil,Lactams,12.340839457326652,383.4700000000002,32.16668618335888,8.033282493197147,527310.3693919296,5.697039313055833,0.0,11.814359458703011,0.0,5.969305287951849,4.794537184071822,0.0,11.761884949391115,6.923737199690624,13.344558822616634,36.71308096130057,24.10555409220562,29.545549696045974,11.835812092322787,20.640100371266954,10.60217582694588,0.0,0.0,11.761884949391115,11.835812092322787,0.0,0.0,0.0,17.87071454272863,0.0,16.66179468024159,25.918990895895483,6.923737199690624,0.0,0.0,1.4455489417989413,22.78349412655908,0.038690843621399074,-2.1355823198833654,-0.5679388699924419,-0.1904531603223889,4.078991593423412,3.419379099751644,3.0,3.0,0.0,2.0,3.0,-0.3079999999999994,1.0,0.0,2.0,0.0,1.0,0.0
1351,Pseudomonas aeruginosa,chemical_synthesis using high voltage method on pure silver,Ceftazidime,18.5,spherical,MIC,1.0,0.25,2.0,Bacteria,Pseudomonadota,Gammaproteobacteria,Pseudomonadales,Pseudomonadaceae,Pseudomonas,Pseudomonas aeruginosa group,n,48.0,37,2,soil,Lactams,13.114328090055071,546.5870000000002,32.166681198615066,7.9983639133930895,130887863.90568937,17.10964163696516,29.78168703174876,5.601050810983688,11.814359458703011,5.969305287951849,14.345615352810384,0.0,23.098670827325854,11.22207979521215,13.847474399381248,28.838755044205193,11.666344601007683,57.6948843445426,5.15571272675054,11.486521083908974,52.93692295705045,0.0,5.131558479839333,23.098670827325854,0.0,0.0,0.0,0.0,11.325958136816055,16.236695608785215,30.98942211923828,29.093520927940727,6.06636706846161,10.571256060898818,1.7813433512507009,2.3200451049992044,28.365058705864,3.830931505999705,-4.0068662117945095,4.364278804086379,3.550427347358645,2.7432530473176975,0.0,2.0,2.0,2.0,1.0,4.0,-1.2991999999999946,0.0,2.0,4.0,0.0,1.0,0.0
1360,Escherichia coli,green_synthesis using Streptomyces xinghaiensis,Ampicillin,12.5,spherical,MIC,64.0,4.0,1024.0,Bacteria,Pseudomonadota,Gammaproteobacteria,Enterobacterales,Enterobacteriaceae,Escherichia,Escherichia coli,n,84.0,37,2,urine,Organoheterocyclic compounds,12.334172965482487,349.4120000000001,32.1669062252244,8.013147836891157,206112.98596074485,23.499395300412623,0.0,11.814359458703011,0.0,5.969305287951849,4.794537184071822,0.0,11.761884949391115,30.33183534230805,19.410925891078243,4.747022453217559,0.0,29.545549696045974,5.733667477162185,0.0,35.89528683400505,0.0,0.0,11.761884949391115,0.0,0.0,0.0,0.0,5.563451491696996,0.0,16.66179468024159,38.112942673227685,6.06636706846161,5.733667477162185,-0.6178732809698717,1.384119373057865,11.668857470784294,6.59329714138742,-1.8568691887784594,6.376417836304613,0.0,3.5766661417653483,0.0,2.0,2.0,1.0,2.0,3.0,0.3181000000000002,0.0,0.0,1.0,0.0,1.0,0.0
1361,Klebsiella pneumoniae,green_synthesis using Streptomyces xinghaiensis,Ampicillin,12.5,spherical,MIC,256.0,16.0,1024.0,Bacteria,Pseudomonadota,Gammaproteobacteria,Enterobacterales,Enterobacteriaceae,Klebsiella,Klebsiella pneumoniae,n,48.0,30,2,respiratory tract,Organoheterocyclic compounds,12.334172965482487,349.4120000000001,32.1669062252244,8.013147836891157,206112.98596074485,23.499395300412623,0.0,11.814359458703011,0.0,5.969305287951849,4.794537184071822,0.0,11.761884949391115,30.33183534230805,19.410925891078243,4.747022453217559,0.0,29.545549696045974,5.733667477162185,0.0,35.89528683400505,0.0,0.0,11.761884949391115,0.0,0.0,0.0,0.0,5.563451491696996,0.0,16.66179468024159,38.112942673227685,6.06636706846161,5.733667477162185,-0.6178732809698717,1.384119373057865,11.668857470784294,6.59329714138742,-1.8568691887784594,6.376417836304613,0.0,3.5766661417653483,0.0,2.0,2.0,1.0,2.0,3.0,0.3181000000000002,0.0,0.0,1.0,0.0,1.0,0.0
1362,Pseudomonas aeruginosa,green_synthesis using Streptomyces xinghaiensis,Ampicillin,12.5,spherical,MIC,16.0,32.0,384.0,Bacteria,Pseudomonadota,Gammaproteobacteria,Pseudomonadales,Pseudomonadaceae,Pseudomonas,Pseudomonas aeruginosa group,n,48.0,37,2,soil,Organoheterocyclic compounds,12.334172965482487,349.4120000000001,32.1669062252244,8.013147836891157,206112.98596074485,23.499395300412623,0.0,11.814359458703011,0.0,5.969305287951849,4.794537184071822,0.0,11.761884949391115,30.33183534230805,19.410925891078243,4.747022453217559,0.0,29.545549696045974,5.733667477162185,0.0,35.89528683400505,0.0,0.0,11.761884949391115,0.0,0.0,0.0,0.0,5.563451491696996,0.0,16.66179468024159,38.112942673227685,6.06636706846161,5.733667477162185,-0.6178732809698717,1.384119373057865,11.668857470784294,6.59329714138742,-1.8568691887784594,6.376417836304613,0.0,3.5766661417653483,0.0,2.0,2.0,1.0,2.0,3.0,0.3181000000000002,0.0,0.0,1.0,0.0,1.0,0.0
1363,Staphylococcus aureus,green_synthesis using Streptomyces xinghaiensis,Ampicillin,12.5,spherical,MIC,256.0,16.0,1.0,Bacteria,Bacillota,Bacilli,Bacillales,Staphylococcaceae,Staphylococcus,Staphylococcus aureus,p,36.0,37,2,skin,Organoheterocyclic compounds,12.334172965482487,349.4120000000001,32.1669062252244,8.013147836891157,206112.98596074485,23.499395300412623,0.0,11.814359458703011,0.0,5.969305287951849,4.794537184071822,0.0,11.761884949391115,30.33183534230805,19.410925891078243,4.747022453217559,0.0,29.545549696045974,5.733667477162185,0.0,35.89528683400505,0.0,0.0,11.761884949391115,0.0,0.0,0.0,0.0,5.563451491696996,0.0,16.66179468024159,38.112942673227685,6.06636706846161,5.733667477162185,-0.6178732809698717,1.384119373057865,11.668857470784294,6.59329714138742,-1.8568691887784594,6.376417836304613,0.0,3.5766661417653483,0.0,2.0,2.0,1.0,2.0,3.0,0.3181000000000002,0.0,0.0,1.0,0.0,1.0,0.0
1364,Bacillus subtilis,green_synthesis using Streptomyces xinghaiensis,Ampicillin,12.5,spherical,MIC,64.0,4.0,0.064,Bacteria,Bacillota,Bacilli,Bacillales,Bacillaceae,Bacillus,Bacillus subtilis group,p,7.08,30,1,soil,Organoheterocyclic compounds,12.334172965482487,349.4120000000001,32.1669062252244,8.013147836891157,206112.98596074485,23.499395300412623,0.0,11.814359458703011,0.0,5.969305287951849,4.794537184071822,0.0,11.761884949391115,30.33183534230805,19.410925891078243,4.747022453217559,0.0,29.545549696045974,5.733667477162185,0.0,35.89528683400505,0.0,0.0,11.761884949391115,0.0,0.0,0.0,0.0,5.563451491696996,0.0,16.66179468024159,38.112942673227685,6.06636706846161,5.733667477162185,-0.6178732809698717,1.384119373057865,11.668857470784294,6.59329714138742,-1.8568691887784594,6.376417836304613,0.0,3.5766661417653483,0.0,2.0,2.0,1.0,2.0,3.0,0.3181000000000002,0.0,0.0,1.0,0.0,1.0,0.0
1365,Candida albicans,green_synthesis using Streptomyces xinghaiensis,Amphotericin B,12.5,spherical,MIC,32.0,2.0,0.25,Fungi,Ascomycota,Saccharomycetes,Saccharomycetales,Debaryomycetaceae,Candida,Candida albicans,f,84.0,37,2,mouth,Organooxygen compounds,12.61321937594203,924.0910000000002,16.70563964636568,5.714544581852087,26476904546009.152,18.125838821658,12.07713788190581,0.0,0.0,11.938610575903699,0.0,0.0,0.0,98.91175589505558,33.10993926815928,37.51909858402682,79.6062927173053,11.938610575903699,23.487385615646367,0.0,85.06428149567434,0.0,0.0,0.0,17.75371813848418,0.0,0.0,0.0,0.0,0.0,12.999757306524504,80.68369557455394,19.075777413358384,24.681119292362382,23.142681711112395,0.0,118.12092220298138,6.01685021230681,-6.828012827230114,-1.1481615656968052,3.458918148434713,6.742208245563854,0.0,3.0,3.0,0.0,2.0,3.0,0.7117000000000053,10.0,0.0,0.0,12.0,2.0,4.0
1366,Malassezia furfur,green_synthesis using Streptomyces xinghaiensis,Amphotericin B,12.5,spherical,MIC,32.0,32.0,1024.0,Fungi,Basidiomycota,Malasseziomycetes,Malasseziales,Malasseziaceae,Malassezia,Malassezia furfur,f,180.0,37,2,skin,Organooxygen compounds,12.61321937594203,924.0910000000002,16.70563964636568,5.714544581852087,26476904546009.152,18.125838821658,12.07713788190581,0.0,0.0,11.938610575903699,0.0,0.0,0.0,98.91175589505558,33.10993926815928,37.51909858402682,79.6062927173053,11.938610575903699,23.487385615646367,0.0,85.06428149567434,0.0,0.0,0.0,17.75371813848418,0.0,0.0,0.0,0.0,0.0,12.999757306524504,80.68369557455394,19.075777413358384,24.681119292362382,23.142681711112395,0.0,118.12092220298138,6.01685021230681,-6.828012827230114,-1.1481615656968052,3.458918148434713,6.742208245563854,0.0,3.0,3.0,0.0,2.0,3.0,0.7117000000000053,10.0,0.0,0.0,12.0,2.0,4.0
1367,Escherichia coli,green_synthesis using Streptomyces xinghaiensis,Kanamycin,12.5,spherical,MIC,,4.0,512.0,Bacteria,Pseudomonadota,Gammaproteobacteria,Enterobacterales,Enterobacteriaceae,Escherichia,Escherichia coli,n,84.0,37,2,urine,Organooxygen compounds,10.934370590828925,484.50300000000016,16.723934420328636,5.009909437980697,13654838.446765736,61.039663877483015,12.580053458670426,0.0,0.0,0.0,0.0,0.0,0.0,0.0,6.4208216229260096,18.628438064208495,12.648722793660879,0.0,22.93466990864874,13.151638370425493,0.0,0.0,0.0,0.0,0.0,0.0,0.0,0.0,0.0,0.0,0.0,0.0,0.0,41.88212172384894,22.188645928553036,0.0,70.89126281071222,23.505097560217962,0.0,-2.8618546241042164,-16.459712694205745,-0.7634389811732607,0.0,2.0,3.0,0.0,3.0,3.0,-7.2914000000000065,7.0,0.0,0.0,0.0,0.0,4.0
1368,Klebsiella pneumoniae,green_synthesis using Streptomyces xinghaiensis,Kanamycin,12.5,spherical,MIC,,16.0,192.0,Bacteria,Pseudomonadota,Gammaproteobacteria,Enterobacterales,Enterobacteriaceae,Klebsiella,Klebsiella pneumoniae,n,48.0,30,2,respiratory tract,Organooxygen compounds,10.934370590828925,484.50300000000016,16.723934420328636,5.009909437980697,13654838.446765736,61.039663877483015,12.580053458670426,0.0,0.0,0.0,0.0,0.0,0.0,0.0,6.4208216229260096,18.628438064208495,12.648722793660879,0.0,22.93466990864874,13.151638370425493,0.0,0.0,0.0,0.0,0.0,0.0,0.0,0.0,0.0,0.0,0.0,0.0,0.0,41.88212172384894,22.188645928553036,0.0,70.89126281071222,23.505097560217962,0.0,-2.8618546241042164,-16.459712694205745,-0.7634389811732607,0.0,2.0,3.0,0.0,3.0,3.0,-7.2914000000000065,7.0,0.0,0.0,0.0,0.0,4.0
1369,Pseudomonas aeruginosa,green_synthesis using Streptomyces xinghaiensis,Kanamycin,12.5,spherical,MIC,,32.0,64.0,Bacteria,Pseudomonadota,Gammaproteobacteria,Pseudomonadales,Pseudomonadaceae,Pseudomonas,Pseudomonas aeruginosa group,n,48.0,37,2,soil,Organooxygen compounds,10.934370590828925,484.50300000000016,16.723934420328636,5.009909437980697,13654838.446765736,61.039663877483015,12.580053458670426,0.0,0.0,0.0,0.0,0.0,0.0,0.0,6.4208216229260096,18.628438064208495,12.648722793660879,0.0,22.93466990864874,13.151638370425493,0.0,0.0,0.0,0.0,0.0,0.0,0.0,0.0,0.0,0.0,0.0,0.0,0.0,41.88212172384894,22.188645928553036,0.0,70.89126281071222,23.505097560217962,0.0,-2.8618546241042164,-16.459712694205745,-0.7634389811732607,0.0,2.0,3.0,0.0,3.0,3.0,-7.2914000000000065,7.0,0.0,0.0,0.0,0.0,4.0
1370,Staphylococcus aureus,green_synthesis using Streptomyces xinghaiensis,Kanamycin,12.5,spherical,MIC,,16.0,8.0,Bacteria,Bacillota,Bacilli,Bacillales,Staphylococcaceae,Staphylococcus,Staphylococcus aureus,p,36.0,37,2,skin,Organooxygen compounds,10.934370590828925,484.50300000000016,16.723934420328636,5.009909437980697,13654838.446765736,61.039663877483015,12.580053458670426,0.0,0.0,0.0,0.0,0.0,0.0,0.0,6.4208216229260096,18.628438064208495,12.648722793660879,0.0,22.93466990864874,13.151638370425493,0.0,0.0,0.0,0.0,0.0,0.0,0.0,0.0,0.0,0.0,0.0,0.0,0.0,41.88212172384894,22.188645928553036,0.0,70.89126281071222,23.505097560217962,0.0,-2.8618546241042164,-16.459712694205745,-0.7634389811732607,0.0,2.0,3.0,0.0,3.0,3.0,-7.2914000000000065,7.0,0.0,0.0,0.0,0.0,4.0
1371,Bacillus subtilis,green_synthesis using Streptomyces xinghaiensis,Kanamycin,12.5,spherical,MIC,,4.0,2.0,Bacteria,Bacillota,Bacilli,Bacillales,Bacillaceae,Bacillus,Bacillus subtilis group,p,7.08,30,1,soil,Organooxygen compounds,10.934370590828925,484.50300000000016,16.723934420328636,5.009909437980697,13654838.446765736,61.039663877483015,12.580053458670426,0.0,0.0,0.0,0.0,0.0,0.0,0.0,6.4208216229260096,18.628438064208495,12.648722793660879,0.0,22.93466990864874,13.151638370425493,0.0,0.0,0.0,0.0,0.0,0.0,0.0,0.0,0.0,0.0,0.0,0.0,0.0,41.88212172384894,22.188645928553036,0.0,70.89126281071222,23.505097560217962,0.0,-2.8618546241042164,-16.459712694205745,-0.7634389811732607,0.0,2.0,3.0,0.0,3.0,3.0,-7.2914000000000065,7.0,0.0,0.0,0.0,0.0,4.0
1372,Escherichia coli,green_synthesis using Streptomyces xinghaiensis,Tetracycline,12.5,spherical,MIC,,4.0,64.0,Bacteria,Pseudomonadota,Gammaproteobacteria,Enterobacterales,Enterobacteriaceae,Escherichia,Escherichia coli,n,84.0,37,2,urine,Tetracyclines,13.313695042831949,444.44000000000017,16.349699175563902,6.244441577254103,7541988.5274806805,22.840946106665523,11.384295757348628,5.783244946364939,5.907179729351506,0.0,0.0,0.0,0.0,12.13273413692322,39.06972134812962,17.408916622392056,17.206343131828646,17.473669622081385,17.56947956948497,14.09534396535438,51.990542992229706,5.749511833283905,0.0,0.0,11.835812092322787,0.0,0.0,0.0,0.0,0.0,44.11809210128031,0.0,0.0,5.733667477162185,0.0,0.0,55.036209694953385,-0.6537508730280199,-7.891260886171374,3.050557292176385,-0.1999820483749053,1.4026620895271686,3.062499607842321,0.0,3.0,1.0,0.0,4.0,-0.21439999999999837,4.0,0.0,1.0,0.0,3.0,0.0
1373,Klebsiella pneumoniae,green_synthesis using Streptomyces xinghaiensis,Tetracycline,12.5,spherical,MIC,,16.0,32.0,Bacteria,Pseudomonadota,Gammaproteobacteria,Enterobacterales,Enterobacteriaceae,Klebsiella,Klebsiella pneumoniae,n,48.0,30,2,respiratory tract,Tetracyclines,13.313695042831949,444.44000000000017,16.349699175563902,6.244441577254103,7541988.5274806805,22.840946106665523,11.384295757348628,5.783244946364939,5.907179729351506,0.0,0.0,0.0,0.0,12.13273413692322,39.06972134812962,17.408916622392056,17.206343131828646,17.473669622081385,17.56947956948497,14.09534396535438,51.990542992229706,5.749511833283905,0.0,0.0,11.835812092322787,0.0,0.0,0.0,0.0,0.0,44.11809210128031,0.0,0.0,5.733667477162185,0.0,0.0,55.036209694953385,-0.6537508730280199,-7.891260886171374,3.050557292176385,-0.1999820483749053,1.4026620895271686,3.062499607842321,0.0,3.0,1.0,0.0,4.0,-0.21439999999999837,4.0,0.0,1.0,0.0,3.0,0.0
1374,Pseudomonas aeruginosa,green_synthesis using Streptomyces xinghaiensis,Tetracycline,12.5,spherical,MIC,,32.0,32.0,Bacteria,Pseudomonadota,Gammaproteobacteria,Pseudomonadales,Pseudomonadaceae,Pseudomonas,Pseudomonas aeruginosa group,n,48.0,37,2,soil,Tetracyclines,13.313695042831949,444.44000000000017,16.349699175563902,6.244441577254103,7541988.5274806805,22.840946106665523,11.384295757348628,5.783244946364939,5.907179729351506,0.0,0.0,0.0,0.0,12.13273413692322,39.06972134812962,17.408916622392056,17.206343131828646,17.473669622081385,17.56947956948497,14.09534396535438,51.990542992229706,5.749511833283905,0.0,0.0,11.835812092322787,0.0,0.0,0.0,0.0,0.0,44.11809210128031,0.0,0.0,5.733667477162185,0.0,0.0,55.036209694953385,-0.6537508730280199,-7.891260886171374,3.050557292176385,-0.1999820483749053,1.4026620895271686,3.062499607842321,0.0,3.0,1.0,0.0,4.0,-0.21439999999999837,4.0,0.0,1.0,0.0,3.0,0.0
1375,Staphylococcus aureus,green_synthesis using Streptomyces xinghaiensis,Tetracycline,12.5,spherical,MIC,,16.0,4.0,Bacteria,Bacillota,Bacilli,Bacillales,Staphylococcaceae,Staphylococcus,Staphylococcus aureus,p,36.0,37,2,skin,Tetracyclines,13.313695042831949,444.44000000000017,16.349699175563902,6.244441577254103,7541988.5274806805,22.840946106665523,11.384295757348628,5.783244946364939,5.907179729351506,0.0,0.0,0.0,0.0,12.13273413692322,39.06972134812962,17.408916622392056,17.206343131828646,17.473669622081385,17.56947956948497,14.09534396535438,51.990542992229706,5.749511833283905,0.0,0.0,11.835812092322787,0.0,0.0,0.0,0.0,0.0,44.11809210128031,0.0,0.0,5.733667477162185,0.0,0.0,55.036209694953385,-0.6537508730280199,-7.891260886171374,3.050557292176385,-0.1999820483749053,1.4026620895271686,3.062499607842321,0.0,3.0,1.0,0.0,4.0,-0.21439999999999837,4.0,0.0,1.0,0.0,3.0,0.0
1376,Bacillus subtilis,green_synthesis using Streptomyces xinghaiensis,Tetracycline,12.5,spherical,MIC,,4.0,0.125,Bacteria,Bacillota,Bacilli,Bacillales,Bacillaceae,Bacillus,Bacillus subtilis group,p,7.08,30,1,soil,Tetracyclines,13.313695042831949,444.44000000000017,16.349699175563902,6.244441577254103,7541988.5274806805,22.840946106665523,11.384295757348628,5.783244946364939,5.907179729351506,0.0,0.0,0.0,0.0,12.13273413692322,39.06972134812962,17.408916622392056,17.206343131828646,17.473669622081385,17.56947956948497,14.09534396535438,51.990542992229706,5.749511833283905,0.0,0.0,11.835812092322787,0.0,0.0,0.0,0.0,0.0,44.11809210128031,0.0,0.0,5.733667477162185,0.0,0.0,55.036209694953385,-0.6537508730280199,-7.891260886171374,3.050557292176385,-0.1999820483749053,1.4026620895271686,3.062499607842321,0.0,3.0,1.0,0.0,4.0,-0.21439999999999837,4.0,0.0,1.0,0.0,3.0,0.0
1392,Candida albicans,green_synthesis using Streptomyces xinghaiensis,Fluconazole,12.5,spherical,MIC,,2.0,1024.0,Fungi,Ascomycota,Saccharomycetes,Saccharomycetales,Debaryomycetaceae,Candida,Candida albicans,f,84.0,37,2,mouth,Benzene and substituted derivatives,14.112474962207104,306.276,19.14546234435535,5.2466599118159705,150450.59490780073,42.54477279213365,0.0,0.0,0.0,0.0,28.11239300753443,10.197363616602075,0.0,6.06636706846161,6.06636706846161,11.629818560158606,13.08951281182515,0.0,0.0,0.0,60.70627467823178,0.0,8.78083009534964,0.0,11.63444168209179,0.0,0.0,0.0,0.0,12.13273413692322,40.739253237810146,0.0,0.0,0.0,29.947713687326782,0.0,18.772242378432857,-1.7509027777777775,-1.5621830645838575,3.0213936130007557,5.398096917779457,-0.14799130763416501,0.0,0.0,0.0,3.0,0.0,3.0,0.7357999999999993,1.0,6.0,6.0,0.0,0.0,0.0
1393,Malassezia furfur,green_synthesis using Streptomyces xinghaiensis,Fluconazole,12.5,spherical,MIC,,32.0,4.0,Fungi,Basidiomycota,Malasseziomycetes,Malasseziales,Malasseziaceae,Malassezia,Malassezia furfur,f,180.0,37,2,skin,Benzene and substituted derivatives,14.112474962207104,306.276,19.14546234435535,5.2466599118159705,150450.59490780073,42.54477279213365,0.0,0.0,0.0,0.0,28.11239300753443,10.197363616602075,0.0,6.06636706846161,6.06636706846161,11.629818560158606,13.08951281182515,0.0,0.0,0.0,60.70627467823178,0.0,8.78083009534964,0.0,11.63444168209179,0.0,0.0,0.0,0.0,12.13273413692322,40.739253237810146,0.0,0.0,0.0,29.947713687326782,0.0,18.772242378432857,-1.7509027777777775,-1.5621830645838575,3.0213936130007557,5.398096917779457,-0.14799130763416501,0.0,0.0,0.0,3.0,0.0,3.0,0.7357999999999993,1.0,6.0,6.0,0.0,0.0,0.0
1394,Candida albicans,green_synthesis using Streptomyces xinghaiensis,Ketoconazole,12.5,spherical,MIC,,2.0,1024.0,Fungi,Ascomycota,Saccharomycetes,Saccharomycetales,Debaryomycetaceae,Candida,Candida albicans,f,84.0,37,2,mouth,Diazinanes,11.55334279947623,531.4399999999999,35.49683712008254,6.346684460093655,217868883.41727722,18.460360185545127,0.0,11.694290881922102,0.0,0.0,4.9839785209472085,0.0,0.0,29.268246848926644,36.39820241076966,61.76992104668895,24.50159175893136,34.7964457845001,0.0,44.29269928352661,76.79429481640162,5.749511833283905,5.687386274683562,23.20187978046503,0.0,10.045266627482652,0.0,0.0,35.36723845411806,37.61592373161777,0.0,31.580634982991462,45.99568829256296,37.41246864186518,20.604900125414357,12.655940089837516,1.0208319602453872,1.8210378081523433,-0.2012216586760156,13.29190626572164,4.97870032850494,5.803118038230981,0.0,2.0,2.0,3.0,2.0,5.0,4.205800000000003,0.0,2.0,4.0,0.0,0.0,3.0
1395,Malassezia furfur,green_synthesis using Streptomyces xinghaiensis,Ketoconazole,12.5,spherical,MIC,,2.0,1024.0,Fungi,Basidiomycota,Malasseziomycetes,Malasseziales,Malasseziaceae,Malassezia,Malassezia furfur,f,180.0,37,2,skin,Diazinanes,11.55334279947623,531.4399999999999,35.49683712008254,6.346684460093655,217868883.41727722,18.460360185545127,0.0,11.694290881922102,0.0,0.0,4.9839785209472085,0.0,0.0,29.268246848926644,36.39820241076966,61.76992104668895,24.50159175893136,34.7964457845001,0.0,44.29269928352661,76.79429481640162,5.749511833283905,5.687386274683562,23.20187978046503,0.0,10.045266627482652,0.0,0.0,35.36723845411806,37.61592373161777,0.0,31.580634982991462,45.99568829256296,37.41246864186518,20.604900125414357,12.655940089837516,1.0208319602453872,1.8210378081523433,-0.2012216586760156,13.29190626572164,4.97870032850494,5.803118038230981,0.0,2.0,2.0,3.0,2.0,5.0,4.205800000000003,0.0,2.0,4.0,0.0,0.0,3.0
